 1866   0.7  -0.5   0.7  -0.1  -0.2   0.7  -0.2   1.4  -0.5   0.2   1.6   0.8
 1867   2.7  -0.0   2.5   1.4   0.3  -0.3   0.5   0.0  -1.0  -2.6   2.3  -0.4
 1868  -0.9   0.2  -0.8   1.8   1.1   0.5   0.3  -0.5  -1.0  -0.5   1.0   1.8
 1869  -1.0   1.4   3.7  -2.6  -1.1  -0.9   1.5  -1.4  -0.6  -1.4  -0.9  -1.7
 1870  -2.8  -2.0   1.7   1.6   1.5   0.8  -0.1  -0.6  -0.4  -0.1  -0.1   0.9
 1871  -1.1   1.1   0.7  -0.1   0.1   0.4   0.7   0.8   0.4  -1.1  -1.1   1.7
 1872  -0.7  -0.4  -0.8   3.7   0.2  -1.9  -0.3  -0.9   1.6  -0.0   1.8  -0.3
 1873  -0.1   4.2   5.2   3.6   5.3   5.4   3.0   1.1   2.5  -1.9  -0.3  -2.2
 1874   1.2   2.9   3.2   1.0   0.3   0.2   0.4   1.8   1.5  -0.3   0.7  -2.5
 1875   0.9  -0.2   2.8   1.5   0.4   0.1  -1.0   0.2  -1.4  -4.1  -1.9  -2.0
 1876  -0.6  -0.1  -2.3  -1.2   0.9   1.6   2.0   2.1   1.2  -0.7  -1.0   2.3
 1877  -0.8  -0.6  -2.0  -1.1  -1.5   0.6   2.3   1.0   0.8   1.2   0.9   0.1
 1878  -1.0   0.9  -1.5  -0.5  -0.3  -0.4   0.1   2.9  -0.4  -1.1   1.1  -1.0
 1879   0.3   0.7   1.5   1.5  -0.3   1.1   1.1   1.4   1.7   1.1  -0.8  -2.4
 1880  -1.8   2.3   1.0   1.9   0.4   1.2   2.7   2.9   2.6   2.8   3.1   1.3
 1881  -0.4   0.3   3.7   4.0  -0.6  -0.4   2.0   0.9   0.0   0.0  -1.0  -0.3
 1882  -1.4  -0.7   0.8  -1.7  -2.1  -1.9  -3.0  -3.4  -2.9  -2.3   1.7  -1.2
 1883   3.5  -1.7  -1.7  -0.1   1.1   0.6  -1.6  -1.8  -1.6  -0.2  -2.7  -4.3
 1884  -0.7   0.8   1.6   1.5   0.8   1.3   0.1  -1.3  -0.9   1.1   0.2  -2.6
 1885  -1.5   0.1   2.8   2.2   3.4   0.3   1.8  -0.7   1.8   0.8   2.1   0.4
 1886   3.0  -1.3   2.4   0.2  -0.2   0.3  -1.1  -1.0  -0.0   0.4   0.1  -3.2
 1887   1.4  -1.2   1.0  -0.5  -0.8   0.9   2.1   0.3   1.4   1.7   0.3   2.5
 1888  -2.5   0.5   2.2  -0.9  -0.7  -0.6  -0.9  -0.0  -0.4   0.4  -0.0   2.4
 1889  -0.2   3.6  -0.1   1.4   0.3   0.3   0.2   0.7  -0.3  -0.3  -2.7  -1.5
 1890  -0.0   2.1   1.3  -0.5   0.3  -1.3  -1.1  -1.7  -1.2  -1.3   1.0   0.3
 1891   1.5  -0.3   1.4   1.9   2.6   1.4   1.7   2.8   2.0   1.7   1.8   2.1
 1892   0.9   0.9  -1.0   1.7   3.1   1.4   1.7  -0.2  -1.4  -1.3  -2.6   0.3
 1893   0.8  -0.1   3.5   0.9   2.5   1.2   1.6   2.0   1.5  -0.9   1.2   0.1
 1894  -1.4   1.5   1.5   1.2   0.5   1.0   2.7  -2.7  -0.0   0.9  -0.8   1.1
 1895  -0.6   2.7   1.7   2.6   3.1  -0.2  -1.2  -1.9  -1.3  -0.8   3.1  -0.9
 1896   1.0   1.4   0.3  -0.6   1.4  -1.2  -1.1   1.7   1.0   2.3   1.7   2.6
 1897   0.0   0.0   1.4   0.6   1.2   0.3   1.5   0.9  -0.3   0.5  -0.8  -1.3
 1898   1.1  -1.4  -3.6   0.9   1.0  -0.8   1.5   0.9  -0.8  -1.4  -3.5  -1.6
 1899   1.2   3.4  -0.2   0.2   0.1   0.1   0.3  -1.5   0.9   3.5   4.5   0.8
 1900   1.3   1.8  -0.3   0.5   0.2   2.5   0.1  -1.9  -3.9  -3.3  -0.5   1.0
 1901   0.2   1.2   1.6   1.4   1.2   2.2   3.0   2.4  -0.9  -4.2   0.6  -0.3
 1902   2.7   2.7   3.4   2.8   5.1   1.9   2.4  -0.0  -0.0   1.9   3.6   1.6
 1903   1.6   1.8  -0.1   1.6   1.5   0.8  -1.8   0.2   0.0  -0.4  -0.6  -0.8
 1904   2.2   1.4   0.9   0.3   1.0   0.8  -0.7   1.1   0.4  -1.5  -0.1   1.5
 1905   0.9  -1.1   0.6  -2.7  -4.5  -3.3  -1.6   0.4  -1.4  -1.8   1.1  -0.4
 1906  -0.5  -0.4   1.3   0.1  -0.7  -1.0  -0.8   2.1   0.3  -0.2  -0.0  -0.4
 1907  -1.4  -1.0   0.7  -0.1   0.4  -1.0  -1.0  -1.3   0.4  -0.7  -0.9  -1.8
 1908   1.1   0.0  -1.2  -1.3   0.8   0.5   2.4  -0.1   2.9   0.4  -0.4  -1.9
 1909  -1.8   1.7  -3.7  -1.1  -0.5   1.3   0.2  -0.1  -1.3  -1.6   0.1  -0.3
 1910  -2.7   0.4   0.9  -1.9   0.6   0.3   1.2  -0.2  -0.1   1.6  -0.4  -0.0
 1911  -1.1  -1.4   1.2  -1.5   0.9   1.6  -0.8  -0.6  -1.1   0.6   0.8   0.0
 1912   0.4   1.3  -0.7   1.8   1.5  -0.7  -2.0  -0.2  -2.2  -0.5   0.3   0.7
 1913  -1.3  -0.1  -1.2  -0.5   2.1   1.2   1.8  -0.9   1.1   0.9   0.7  -0.0
 1914   3.3   4.5   1.7  -0.4  -0.9  -0.5   1.2   1.7   0.5   4.2   3.0   2.9
 1915  -1.0   1.4   2.0   2.0   3.0   1.8   2.2   2.0  -0.4   0.1  -3.1  -2.0
 1916  -1.2  -1.9  -1.3   0.8  -1.2  -2.8   0.7   1.7  -1.5  -2.3  -0.7  -3.5
 1917   0.7   4.1  -0.1   1.0   2.1   0.2   0.5   1.9   2.2   0.8   0.5   0.0
 1918   1.5   1.4   2.3   1.5   1.0  -0.5  -0.1   0.8   3.1   0.2   0.8  -0.3
 1919  -1.6   2.1  -0.6  -0.3  -1.1  -0.3  -0.8   0.6  -0.0  -0.7   0.1  -0.4
 1920  -2.1   0.2   1.8  -1.1  -0.6  -3.7  -2.0  -0.8  -0.8  -1.7  -0.9  -1.9
 1921  -0.3   1.3   0.5   0.0  -1.4   0.8  -1.1  -0.3   0.9   1.2   1.3  -0.8
 1922  -0.0  -0.9  -0.5  -0.6  -1.4  -1.0  -0.3   0.1   0.0   0.8   1.1  -0.1
 1923  -1.3   0.8  -0.6  -1.5  -1.2  -1.6   0.2   0.7  -1.5   0.5  -0.7  -0.2
 1924   1.1   0.8   0.1  -1.9   0.7   0.8   1.8   1.9   1.5  -1.0   0.2  -2.2
 1925  -0.7  -2.1  -2.0  -1.3  -1.0  -1.1  -0.1  -1.6   0.8  -0.4   1.4   0.2
 1926  -1.0   0.8   1.3   0.8   0.2  -0.0  -0.2  -1.0  -0.7  -1.1   1.5  -0.6
 1927  -1.4   0.9   2.0  -0.5   0.5   0.1  -0.7   0.1   1.0   0.3   0.0   1.0
 1928   2.0   0.9   0.4   0.8   1.7  -0.1  -0.2   2.5   1.2  -1.0   1.8   0.3
 1929  -3.2  -0.4   0.8   0.8   0.4   2.3   2.1   0.9   1.1   1.6   0.1  -0.9
 1930  -0.4   1.7   1.6   1.0   2.4   0.3   0.5   1.3   1.4   3.0   4.3   0.7
 1931   1.6   0.5   3.2   1.2   2.9   2.9   2.2  -1.1  -0.8   0.1  -0.4   0.5
 1932  -1.5   1.3  -0.4  -1.3   0.5   0.1  -1.3   0.4  -2.2  -1.7  -0.4  -1.4
 1933  -1.5  -1.1  -2.1   0.7   1.4  -0.3   0.7   0.9   0.1  -1.2  -0.4  -0.3
 1934   0.5   1.8  -1.0  -0.4   0.1   0.2  -0.3  -2.1  -0.6   1.1   1.5  -0.4
 1935  -0.4   0.9  -0.7   0.5   1.6   0.6  -0.2   1.9  -1.2  -0.6   1.2   0.6
 1936   0.4   0.8   0.3   0.2  -0.9   0.1  -0.1  -2.7  -0.3   0.2  -1.0  -1.1
 1937  -0.3   1.5  -1.9  -0.2   2.1   0.0   0.2   0.1   1.3  -0.1  -1.7  -0.5
 1938  -0.7  -0.9   0.3  -0.2  -0.5   0.4   0.9  -0.2   1.1   2.4  -1.9   1.7
 1939   0.6   0.3  -0.0   0.6   0.5  -0.1   1.2  -2.6   1.1  -0.8  -0.7   1.8
 1940  -1.2  -1.1   0.4   1.6   0.7   0.6   0.3  -0.2   1.1   3.3   0.3   1.0
 1941   0.9   3.0   0.3   1.0  -0.3   0.8   1.8   0.4   0.1  -1.0  -0.8   1.1
 1942   1.6  -1.3   1.0   1.2  -1.6  -0.2   0.5  -0.7  -0.2  -0.9  -1.8   1.5
 1943   2.1  -1.0   0.5   0.5   0.2   0.4  -0.1  -0.2  -0.7  -0.4  -0.3  -1.2
 1944  -0.0   1.2   1.2   1.0   1.3   0.9   0.8   2.1   1.5  -0.2  -0.8  -1.4
 1945   1.5   1.1  -1.0   1.0   0.8  -0.2   1.6   0.8   1.5   1.3   0.4   1.0
 1946  -0.6  -1.1   1.8   0.8  -0.1   0.4   0.2   0.6  -1.2   0.2   0.5  -1.3
 1947   1.3  -1.4   1.1  -0.2   1.2   0.8   2.2  -1.2   1.2  -0.5   0.1  -0.3
 1948   1.3  -0.7  -0.7  -0.4   0.3  -0.0  -1.1  -1.9  -0.8   0.5  -1.9  -0.5
 1949   0.4  -1.5  -1.7   1.6  -0.4   0.7  -0.1   0.6   0.1  -0.8  -0.7  -2.9
 1950  -2.2  -0.7   1.3  -1.4  -1.0   0.0   1.8   0.5   0.8   0.6  -2.9  -1.3
 1951   0.8  -1.5  -2.2  -1.0   0.3  -2.7  -1.4  -0.0  -0.9  -0.6  -0.1   1.6
 1952  -1.1  -0.4   1.8   1.0  -0.2   1.2   1.0  -0.7  -0.0  -1.1  -2.3  -0.3
 1953   1.7   0.2  -0.2  -1.1   0.8  -0.1   1.9  -2.4   0.2   0.1   0.7   0.5
 1954  -1.7   0.6   0.0  -2.7  -1.1  -0.5  -0.4  -0.3   0.3   0.4   0.9   0.9
 1955   3.0  -2.5  -1.3  -1.7  -1.5  -1.0   0.5  -0.4   0.5  -0.1  -0.1   2.4
 1956  -0.6  -1.0   0.5  -0.9  -1.4  -0.6  -1.5  -0.7  -0.9   1.3   0.1  -1.6
 1957   1.5  -0.8   0.1   0.3   1.1   0.0   0.3  -0.3   0.7   1.6   0.1   0.0
 1958   0.7  -0.2   0.8  -0.8  -1.4  -1.6  -0.4  -1.1  -1.5  -2.3  -0.3   0.6
 1959  -2.3   1.4   0.4  -0.6  -0.5   0.1   0.5  -0.0  -0.0   0.4  -0.5  -0.9
 1960   0.5   0.2   0.3  -0.7  -1.2  -0.1  -0.0   0.6  -1.6   0.0   0.8   1.1
 1961   1.2   1.1  -0.1   0.7   0.6   0.5   0.7   0.7   0.5  -1.4   1.9   1.5
 1962   1.3   0.9   1.2   0.8   0.0  -1.0  -1.3   1.9  -0.8  -0.3  -0.8   0.2
 1963   1.1   3.8  -0.3  -0.7  -1.0   0.4   0.9  -1.2   0.5   1.0   1.5   0.9
 1964   1.2   0.9   0.3   1.2  -0.9  -0.3  -0.9   1.1  -0.6  -0.1  -1.8  -0.2
 1965  -0.9  -1.3  -0.7   2.3   0.5   1.7   1.7   0.2   0.3   1.6   0.4  -1.3
 1966  -0.3  -0.5  -0.5   0.2   1.7   2.0  -0.1   0.5  -0.0   0.9   0.2  -0.3
 1967   0.5   1.0   0.9   2.2  -0.3   1.0  -0.0   1.1   2.6   0.1  -0.7  -0.3
 1968  -3.7  -0.8   0.7   0.3  -0.9   1.2   0.7  -0.1   0.1   0.3   1.4   0.2
 1969  -4.1  -2.0   1.6   2.0  -0.7   0.5   0.1   0.6  -2.1  -0.3   0.5  -0.2
 1970   1.6  -1.1  -0.4   0.7  -0.3   0.2   1.0  -0.9  -1.5  -2.3   0.4  -0.8
 1971  -0.5  -0.6   0.6   0.1   0.2   1.6  -0.6   0.3   0.5   0.7   0.0  -2.8
 1972  -0.3  -1.2  -1.3   1.8   2.2  -0.8  -1.2   0.7   1.0   2.0   1.4   2.0
 1973   1.3   0.6  -0.6  -1.1   0.2  -1.3  -0.0  -0.5   1.3  -0.1  -1.3   1.9
 1974  -0.1  -0.7  -0.3   0.2   1.7   0.3   1.5  -0.3   0.3  -0.6  -2.5  -2.3
 1975  -0.9   2.0   0.3  -1.4  -0.2  -0.0   1.1   0.4   1.0  -0.6   0.7   0.2
 1976   0.1   0.6  -1.4   1.2   2.6   0.4   0.4   0.8  -0.2  -1.0  -0.7  -2.6
 1977  -1.8   0.1  -0.8  -1.4  -0.6  -0.1  -1.0  -0.3   0.5   1.1  -0.0  -0.6
 1978   3.2  -0.8   2.9   0.4  -1.1  -1.9  -2.4  -1.4  -0.5  -0.9   0.6  -0.2
 1979  -1.6   2.3   0.1  -0.1   1.1   1.2  -1.3   0.3  -0.2   0.2  -0.3   0.8
 1980  -0.2  -0.2  -2.4  -1.0   0.4  -0.3   0.4   1.6   0.7  -0.2  -0.1  -0.4
 1981  -1.9  -1.4   1.6   0.3   0.3   0.1  -0.8   0.1  -0.2  -0.1  -0.5   1.2
 1982   2.3   1.1   0.2   1.2   1.0   0.5   0.2   0.1   0.9   0.2  -0.4  -0.5
 1983   0.2   0.2  -0.3  -0.7   2.4   1.4   1.8   2.6   2.1   0.3   1.6   2.3
 1984   1.9  -1.2  -0.1   1.7   0.4   0.5   0.8  -0.8   0.0   0.4   1.5  -5.0
 1985   1.8  -0.3  -2.3  -2.0  -2.7  -0.9   1.1   0.7  -0.8  -0.9  -1.2   0.9
 1986  -1.6  -1.7   1.9  -0.0   0.6  -1.5   0.2  -2.8  -0.3   1.5  -1.4   1.9
 1987   0.2  -1.1   3.2   1.2   0.6  -1.2   0.9   0.9   1.3   0.1   0.2  -0.1
 1988   2.8  -0.8  -1.1   1.3   1.1   2.8   1.7   2.0   0.8  -0.7   0.4   0.5
 1989   1.1   2.6   0.8  -1.0   0.3   1.8  -0.1   0.1   0.5  -0.3  -0.7   2.1
 1990   0.9   3.2  -0.1   0.6   0.7   0.1   0.7   0.7   1.5   0.8  -0.4   0.1
 1991   1.1   0.1   1.9  -0.6   1.0   1.1   0.9   1.3  -0.1  -1.4   1.4  -1.2
 1992   2.1   0.3   1.3   0.9   0.5  -1.5   2.8   0.3  -1.3  -1.9   0.1  -1.3
 1993  -0.9  -2.1   3.6   1.4   2.0   1.0  -0.5   2.5   1.7   0.4   0.3  -0.5
 1994   0.4   0.1   1.7  -0.0   0.5  -0.3  -0.4   1.6   0.2   0.1   1.0   1.5
 1995   0.5   2.0  -0.1  -1.3   0.2   1.0   0.3   1.1   0.7  -1.2   0.1  -0.8
 1996   0.6  -0.6   1.1   0.3   2.9   1.8   0.3   0.3  -2.1  -1.1  -1.0  -2.0
 1997   2.9  -0.6   0.5   3.6  -1.0   1.6   1.2   1.6   3.0   2.5   3.0   0.6
 1998  -2.3   3.2  -0.6   0.3   1.3   0.8   1.6   1.7   1.4  -0.3  -1.1  -0.4
 1999   0.6   0.8  -0.8   0.9   2.5   1.5   1.5   2.8   0.9   0.9   0.3   1.2
 2000   2.0   3.0   1.5   0.3   1.9   1.4  -0.2  -0.3   1.9  -1.3  -1.1  -3.6
 2001   3.7  -3.3   1.7  -0.0   1.3  -0.3   0.4  -0.2   0.1  -1.9   0.5  -1.0
 2002   2.6   1.9   1.9   0.7   0.4   0.5   2.4  -0.5   1.1  -1.3   1.2   1.3
 2003   0.7  -1.5   0.6   1.6   0.2  -0.5   1.5   0.2   0.2  -1.0   0.5  -0.3
 2004  -0.1   1.4  -1.5   0.3   1.0   2.2   0.9   0.5   1.8   0.6  -0.5  -1.8
 2005   0.6  -1.5   1.8   1.9   0.9  -0.3   0.8   0.4   0.7   0.5  -1.4   0.6
 2006  -0.2   1.7  -0.1  -1.8   1.1   1.3   1.8   1.3   1.7   1.9   2.2   2.1
 2007  -0.9   0.7  -0.1   1.8   1.2  -1.3   1.9   1.7  -0.5  -0.2  -0.8   0.4
 2008   0.4   1.1   3.8   2.0   2.1   2.1   1.4   3.1   2.0   3.0   1.2   1.0
 2009   1.4   0.6   2.0   0.9  -1.3   0.3   0.7  -0.5  -0.6  -1.1  -1.0  -0.4
 2010  -3.2  -0.7   0.7   2.4  -0.1   1.9   2.3   2.0   2.1   0.4   1.9   0.6
 2011   1.9   1.9   1.6   2.2   2.6   2.3   2.4   2.1   3.5   0.5   1.7  -0.1
 2012   1.4   1.9  -2.0   1.8   0.5   0.5  -0.5   1.7   1.0   0.7   1.5  -0.6
 2013  -1.3   0.5   1.4   0.7   0.9  -0.6   0.5   0.6   0.0  -0.3  -0.9   0.8
 2014   0.0  -1.4   0.5   0.1   2.3   0.0   1.6   1.7   1.1   0.5   0.5  -0.9
 2015  -1.4   2.7   0.6   1.8   2.7   0.3   1.9   0.9   0.9   2.9   0.4  -2.0
 2016   3.7   0.0   2.5   0.1   0.4   0.4   1.1   0.1   0.5  -1.3  -0.2  -0.9
 2017  -0.4   0.7   0.7  -0.2   1.7   0.9   2.0   1.1   2.0  -1.0  -1.1  -0.5
 2018  -1.1  -0.4  -0.9   0.8   3.0   2.0   0.1  -0.4  -1.0   1.2   1.1  -0.5
 2019   0.8   2.0   0.4   1.3   1.7   1.5   1.8   2.5   3.1   0.5   0.2   0.9
 2020   2.1   1.3   2.2   2.2   3.5  -0.2   0.3   1.1   1.2  -0.6   1.8   1.7
 2021   2.2  -0.6   1.1   0.9   1.3   1.8   1.4   1.9   1.8  -0.8   0.9   1.1
 2022   1.3   2.6   2.6   1.1   1.4   1.4   1.9   0.4   2.0   0.3   0.2   0.5
 2023   2.0  -0.2   1.3  -0.6   2.0   0.8   1.8   2.7   1.0   3.4   1.4   0.8
 2024   0.6   0.4   1.5 -99.9 -99.9 -99.9 -99.9 -99.9 -99.9 -99.9 -99.9 -99.9
