 1866   1.2  -0.9   1.3  -0.2  -0.4   1.3  -0.4   2.6  -1.0   0.3   3.0   1.4
 1867   5.0  -0.1   4.6   2.7   0.6  -0.6   0.9   0.1  -1.9  -4.9   4.1  -0.9
 1868  -1.7   0.4  -1.6   3.4   2.0   0.7   0.6  -1.0  -2.0  -1.1   1.7   3.4
 1869  -2.1   2.5   6.8  -4.7  -1.9  -1.6   2.8  -2.4  -1.1  -2.6  -1.6  -3.0
 1870  -5.0  -3.6   3.1   3.0   2.7   1.4  -0.3  -1.1  -0.8  -0.2  -0.2   1.5
 1871  -2.1   2.0   1.1  -0.1   0.1   0.8   1.3   1.4   0.9  -2.0  -1.9   3.2
 1872  -1.0  -0.5  -1.3   6.8   0.5  -3.4  -0.4  -1.5   3.3   0.1   3.6  -0.2
 1873   0.1   7.8   9.7   6.8   9.7   9.6   5.4   2.0   4.5  -3.7  -0.5  -4.0
 1874   2.4   5.3   5.8   1.9   0.7   0.2   0.6   3.4   2.9  -0.4   1.4  -4.6
 1875   1.7  -0.5   5.0   2.8   0.8   0.4  -1.9   0.4  -2.5  -7.4  -3.6  -3.8
 1876  -1.0   0.0  -4.3  -2.2   1.8   3.1   3.6   4.1   2.3  -1.4  -1.8   4.2
 1877  -1.5  -1.2  -3.8  -2.3  -3.0   0.8   4.1   1.7   1.3   2.0   1.6  -0.1
 1878  -1.9   1.4  -3.0  -1.0  -0.6  -0.8   0.4   5.4  -0.6  -2.0   2.1  -1.6
 1879   0.8   1.4   2.8   2.8  -0.6   2.2   2.2   2.7   3.2   2.1  -1.4  -4.4
 1880  -3.1   4.3   2.1   3.6   0.9   2.2   5.1   5.4   4.9   5.1   5.7   2.3
 1881  -0.9   0.5   6.9   7.3  -1.1  -0.8   3.6   1.5  -0.1  -0.2  -1.8  -0.5
 1882  -2.6  -1.3   1.5  -3.1  -3.7  -3.6  -5.6  -6.6  -5.5  -4.3   3.2  -2.1
 1883   6.5  -3.2  -3.4  -0.0   2.1   1.0  -3.0  -3.4  -3.0  -0.4  -4.9  -8.1
 1884  -1.4   1.4   3.1   2.7   1.5   2.5   0.2  -2.4  -1.7   2.0   0.3  -5.0
 1885  -3.1   0.1   5.3   4.1   6.2   0.4   3.2  -1.3   3.3   1.2   3.8   0.8
 1886   5.5  -2.3   4.5   0.3  -0.3   0.7  -2.0  -1.8   0.1   0.9   0.3  -5.6
 1887   2.7  -2.1   2.0  -0.9  -1.5   1.6   4.0   0.7   2.6   3.2   0.6   4.6
 1888  -4.6   0.8   3.9  -1.8  -1.4  -1.2  -1.7  -0.2  -0.8   0.5  -0.2   4.4
 1889  -0.7   6.5  -0.5   2.6   0.5   0.8   0.3   1.4  -0.4  -0.6  -4.8  -2.6
 1890   0.2   4.0   2.5  -0.9   0.6  -2.3  -2.1  -3.1  -2.1  -2.3   1.9   0.5
 1891   2.9  -0.6   2.4   3.6   4.9   2.5   3.0   5.0   3.6   3.1   3.2   3.7
 1892   1.6   1.5  -1.8   3.3   5.8   2.8   3.1  -0.2  -2.7  -2.4  -4.9   0.5
 1893   1.6  -0.1   6.4   1.8   4.7   2.4   3.1   3.8   2.9  -1.7   2.2   0.2
 1894  -2.3   2.8   2.9   2.4   0.9   1.8   4.9  -5.2  -0.0   1.7  -1.5   2.0
 1895  -1.0   5.0   3.1   4.8   5.7  -0.5  -2.3  -3.6  -2.4  -1.6   5.7  -1.8
 1896   1.9   2.6   0.6  -1.0   2.3  -2.4  -2.1   2.9   1.8   4.2   3.0   4.6
 1897  -0.1  -0.1   2.3   1.0   2.1   0.6   2.7   1.6  -0.6   0.9  -1.6  -2.3
 1898   2.1  -2.6  -6.3   1.8   1.8  -1.5   2.9   1.7  -1.3  -2.5  -6.5  -2.9
 1899   2.3   6.4  -0.2   0.3   0.2   0.1   0.6  -2.8   1.7   6.5   8.4   1.5
 1900   2.3   3.1  -0.8   0.8   0.4   4.8   0.3  -3.4  -7.4  -6.2  -1.0   1.8
 1901   0.4   2.3   3.1   2.7   2.2   4.1   5.7   4.6  -1.9  -8.0   1.1  -0.5
 1902   5.2   5.0   6.4   5.2   9.4   3.5   4.5  -0.2  -0.2   3.3   6.5   2.9
 1903   2.8   3.2   0.0   3.1   2.7   1.5  -3.2   0.4   0.2  -0.8  -1.2  -1.2
 1904   4.2   2.8   1.8   0.8   2.0   1.4  -1.4   1.9   0.8  -2.8  -0.4   2.8
 1905   1.5  -2.3   0.8  -5.3  -8.6  -6.3  -3.1   0.6  -2.6  -3.5   1.8  -0.8
 1906  -1.0  -0.9   2.4   0.2  -1.3  -1.9  -1.5   3.9   0.8  -0.3   0.1  -0.8
 1907  -2.5  -1.8   1.3  -0.2   0.6  -1.8  -1.8  -2.4   0.7  -1.3  -1.7  -3.2
 1908   1.9   0.1  -2.3  -2.4   1.5   0.9   4.5  -0.1   5.5   0.8  -0.8  -3.6
 1909  -3.4   3.1  -6.8  -2.2  -1.0   2.5   0.5  -0.2  -2.5  -2.9   0.3  -0.6
 1910  -4.9   0.9   1.8  -3.4   1.1   0.8   2.4  -0.3  -0.1   2.9  -0.6   0.1
 1911  -2.0  -2.5   2.2  -2.7   1.5   2.8  -1.7  -1.2  -2.1   1.0   1.5   0.0
 1912   0.5   2.1  -1.3   3.2   2.6  -1.4  -3.7  -0.5  -4.1  -1.0   0.5   1.2
 1913  -2.5  -0.2  -2.2  -0.9   3.8   2.2   3.3  -1.7   1.9   1.6   1.2  -0.1
 1914   6.0   8.3   3.3  -0.9  -1.7  -1.0   2.1   3.0   0.8   7.7   5.5   5.4
 1915  -2.2   2.4   3.5   3.5   5.6   3.4   4.2   3.7  -0.7   0.3  -5.9  -3.7
 1916  -2.1  -3.6  -2.4   1.4  -2.2  -5.1   1.6   3.2  -2.8  -4.1  -1.2  -6.2
 1917   1.3   7.6   0.1   2.0   4.1   0.6   1.2   3.7   4.4   1.5   1.1   0.3
 1918   2.9   2.8   4.1   2.9   2.0  -1.0  -0.4   1.4   5.7   0.3   1.4  -0.7
 1919  -3.2   3.8  -1.2  -0.5  -2.1  -0.7  -1.6   1.0  -0.1  -1.5   0.1  -0.9
 1920  -3.9   0.4   3.3  -2.0  -1.1  -6.7  -3.5  -1.4  -1.4  -3.2  -1.6  -3.5
 1921  -0.4   2.5   1.1  -0.0  -2.5   1.7  -1.9  -0.7   1.8   2.4   2.5  -1.4
 1922   0.0  -1.6  -0.8  -1.1  -2.6  -1.8  -0.6   0.2   0.1   1.5   2.2  -0.0
 1923  -2.3   1.5  -1.1  -2.8  -2.1  -3.0   0.2   1.2  -3.0   0.9  -1.5  -0.4
 1924   2.0   1.4   0.3  -3.5   1.5   1.5   3.5   3.7   2.8  -1.8   0.5  -4.0
 1925  -1.1  -3.7  -3.6  -2.3  -1.8  -2.1  -0.4  -3.0   1.4  -1.0   2.4   0.2
 1926  -1.8   1.2   2.2   1.3   0.3  -0.1  -0.3  -1.8  -1.3  -1.9   2.8  -1.1
 1927  -2.5   1.6   3.9  -0.9   1.0   0.2  -1.2   0.1   1.9   0.6  -0.1   2.0
 1928   3.6   1.7   0.9   1.6   3.1  -0.3  -0.5   4.8   2.3  -1.8   3.4   0.8
 1929  -5.6  -0.5   1.5   1.5   0.7   4.2   3.9   1.7   2.1   3.1   0.3  -1.7
 1930  -0.6   3.1   2.9   1.8   4.5   0.5   1.0   2.4   2.5   5.5   7.9   1.2
 1931   3.1   0.7   5.8   2.4   5.5   5.4   4.1  -2.1  -1.5   0.1  -0.7   1.0
 1932  -2.7   2.3  -0.9  -2.5   0.9   0.2  -2.5   0.6  -4.2  -3.2  -0.7  -2.5
 1933  -2.9  -2.1  -3.8   1.3   2.7  -0.6   1.3   1.7   0.2  -2.1  -0.7  -0.5
 1934   1.0   3.3  -1.9  -0.7   0.2   0.4  -0.6  -4.1  -1.1   2.0   2.8  -0.7
 1935  -0.7   1.5  -1.2   0.9   2.9   1.1  -0.5   3.5  -2.2  -1.1   2.3   1.1
 1936   0.7   1.4   0.6   0.4  -1.7   0.2  -0.2  -5.1  -0.5   0.3  -2.1  -2.0
 1937  -0.5   2.6  -3.4  -0.4   3.9   0.1   0.4   0.3   2.5  -0.2  -3.2  -0.9
 1938  -1.3  -1.7   0.5  -0.4  -0.8   0.9   1.8  -0.3   2.1   4.5  -3.5   3.3
 1939   1.2   0.7   0.1   1.2   0.9  -0.2   2.4  -4.8   1.9  -1.6  -1.4   3.3
 1940  -2.2  -2.1   0.5   2.8   1.2   1.0   0.3  -0.5   1.9   6.0   0.5   1.7
 1941   1.5   5.4   0.3   1.8  -0.5   1.3   3.1   0.6   0.2  -2.1  -1.6   1.9
 1942   2.7  -2.5   1.8   2.1  -2.8  -0.2   0.8  -1.2  -0.2  -1.6  -3.4   2.9
 1943   3.9  -1.7   0.9   1.1   0.4   0.7  -0.2  -0.4  -1.2  -0.7  -0.6  -2.2
 1944  -0.2   2.3   2.2   1.7   2.4   1.7   1.4   3.9   2.7  -0.5  -1.5  -2.5
 1945   2.8   2.2  -1.7   1.7   1.5  -0.2   3.0   1.6   2.8   2.4   0.6   1.9
 1946  -1.2  -2.1   3.2   1.5  -0.2   0.6   0.3   1.1  -2.4   0.2   0.8  -2.5
 1947   2.4  -2.7   2.2  -0.3   2.2   1.4   4.1  -2.1   2.3  -0.9   0.3  -0.6
 1948   2.4  -1.3  -1.4  -0.8   0.6  -0.1  -2.0  -3.5  -1.5   1.0  -3.4  -1.0
 1949   0.6  -2.7  -3.1   3.0  -0.7   1.2  -0.1   1.1   0.2  -1.5  -1.3  -5.2
 1950  -4.0  -1.1   2.5  -2.5  -1.8   0.3   3.5   1.0   1.5   1.2  -5.2  -2.2
 1951   1.7  -2.8  -4.1  -1.9   0.5  -4.9  -2.6  -0.1  -1.8  -1.3  -0.3   2.9
 1952  -2.1  -0.9   3.3   1.7  -0.3   2.2   1.9  -1.4  -0.1  -1.9  -4.2  -0.8
 1953   3.1   0.3  -0.5  -2.0   1.2  -0.2   3.5  -4.5   0.3   0.3   1.2   0.9
 1954  -3.0   1.1  -0.0  -4.9  -2.1  -1.0  -0.8  -0.5   0.6   0.7   1.7   1.7
 1955   5.4  -4.4  -2.4  -3.2  -2.7  -1.8   1.0  -0.6   1.1   0.0   0.0   4.5
 1956  -1.0  -1.7   1.0  -1.6  -2.4  -1.1  -2.7  -1.3  -1.7   2.6   0.2  -2.9
 1957   2.8  -1.5   0.2   0.5   2.0  -0.0   0.5  -0.7   1.1   2.9   0.1  -0.0
 1958   1.1  -0.5   1.5  -1.4  -2.7  -3.0  -0.8  -1.9  -2.7  -4.3  -0.6   1.1
 1959  -4.4   2.4   0.8  -1.2  -0.9   0.1   1.0  -0.1  -0.0   0.7  -0.8  -1.6
 1960   1.0   0.3   0.5  -1.3  -2.3  -0.2  -0.0   1.1  -2.9   0.1   1.6   2.1
 1961   2.2   2.2  -0.5   1.4   1.1   0.9   1.3   1.3   1.0  -2.7   3.5   2.9
 1962   2.6   1.5   2.2   1.4   0.1  -1.8  -2.4   3.5  -1.4  -0.5  -1.5   0.3
 1963   2.2   7.0  -0.6  -1.3  -1.7   0.6   1.6  -2.3   0.8   1.7   2.6   1.5
 1964   2.2   1.6   0.6   2.2  -1.6  -0.4  -1.7   2.2  -1.0  -0.0  -3.3  -0.4
 1965  -1.8  -2.3  -1.2   4.1   0.9   3.1   2.9   0.2   0.4   2.9   0.5  -2.4
 1966  -0.7  -1.0  -1.1   0.4   3.0   3.6  -0.1   0.9  -0.1   1.5   0.3  -0.6
 1967   1.2   2.0   1.7   4.0  -0.5   1.8  -0.1   2.0   4.8   0.3  -1.3  -0.6
 1968  -6.7  -1.4   1.3   0.4  -1.5   2.3   1.4  -0.2   0.1   0.6   2.5   0.3
 1969  -7.7  -3.7   2.9   3.6  -1.3   1.0   0.1   1.1  -4.0  -0.7   0.9  -0.4
 1970   2.8  -2.1  -0.7   1.2  -0.6   0.4   1.7  -1.6  -2.6  -4.1   0.9  -1.2
 1971  -0.8  -1.0   1.2   0.3   0.5   2.9  -1.0   0.7   1.1   1.4   0.1  -5.2
 1972  -0.4  -2.2  -2.4   3.3   3.9  -1.5  -2.4   1.2   1.8   3.6   2.5   3.6
 1973   2.4   0.9  -1.0  -2.0   0.4  -2.3   0.0  -0.9   2.6  -0.2  -2.1   3.7
 1974   0.0  -1.2  -0.3   0.5   3.2   0.6   2.8  -0.4   0.6  -1.1  -4.7  -4.3
 1975  -1.8   3.7   0.7  -2.5  -0.3   0.1   2.2   1.0   2.0  -0.9   1.4   0.6
 1976   0.3   1.2  -2.5   2.2   4.7   0.8   0.6   1.3  -0.5  -1.7  -1.2  -4.8
 1977  -3.3   0.3  -1.5  -2.7  -1.2  -0.3  -1.9  -0.6   0.7   1.9  -0.2  -1.3
 1978   5.8  -1.7   5.2   0.8  -1.9  -3.5  -4.4  -2.6  -0.9  -1.8   1.1  -0.3
 1979  -2.9   4.3   0.1  -0.2   2.1   2.2  -2.3   0.5  -0.4   0.4  -0.6   1.4
 1980  -0.3  -0.4  -4.5  -2.0   0.6  -0.6   0.6   2.9   1.2  -0.3  -0.1  -0.7
 1981  -3.5  -2.7   2.7   0.6   0.6   0.3  -1.4   0.3  -0.3  -0.2  -1.0   2.3
 1982   4.3   2.0   0.4   2.2   1.7   0.8   0.1  -0.1   1.5   0.2  -1.1  -1.2
 1983  -0.1  -0.1  -0.8  -1.5   4.4   2.6   3.2   4.7   4.0   0.5   2.9   4.2
 1984   3.5  -2.2  -0.3   3.2   0.7   0.8   1.4  -1.5   0.0   0.7   2.8  -9.3
 1985   3.2  -0.4  -4.3  -3.6  -4.9  -1.7   1.9   1.3  -1.5  -1.8  -2.2   1.6
 1986  -2.8  -3.2   3.5  -0.1   1.0  -2.7   0.3  -5.3  -0.7   2.9  -2.6   3.3
 1987   0.2  -2.2   5.7   2.0   0.9  -2.4   1.5   1.4   2.2   0.1   0.3  -0.2
 1988   5.1  -1.6  -2.0   2.4   2.2   5.1   3.2   3.7   1.7  -1.1   0.9   1.1
 1989   2.1   4.9   1.5  -1.6   0.7   3.4  -0.1   0.1   1.1  -0.5  -1.3   3.7
 1990   1.7   5.7  -0.4   1.1   1.3   0.2   1.3   1.2   2.7   1.4  -0.8   0.2
 1991   2.1   0.1   3.4  -1.2   1.7   2.0   1.6   2.3  -0.4  -2.7   2.4  -2.4
 1992   3.5   0.4   2.1   1.5   0.9  -2.8   5.1   0.6  -2.5  -3.7   0.2  -2.5
 1993  -1.7  -3.9   6.5   2.4   3.6   1.7  -1.1   4.5   3.0   0.5   0.5  -0.8
 1994   0.7   0.1   3.0  -0.2   0.9  -0.7  -0.8   2.7   0.2  -0.0   1.7   2.6
 1995   0.9   3.6  -0.1  -2.6   0.4   1.9   0.6   1.9   1.4  -2.2   0.1  -1.6
 1996   1.2  -1.0   2.1   0.6   5.3   3.5   0.6   0.5  -3.9  -1.9  -1.8  -3.5
 1997   5.5  -0.9   0.8   6.6  -1.9   2.7   2.2   2.7   5.3   4.4   5.3   1.0
 1998  -4.6   5.6  -1.4   0.3   2.4   1.5   3.0   3.3   2.7  -0.5  -1.9  -0.6
 1999   1.2   1.6  -1.5   1.7   4.7   2.7   2.9   5.2   1.7   1.8   0.7   2.3
 2000   3.8   5.8   2.9   0.7   3.6   2.6  -0.4  -0.4   3.6  -2.3  -1.9  -6.6
 2001   6.9  -6.0   3.2  -0.1   2.2  -0.5   0.8  -0.5   0.2  -3.6   1.0  -2.0
 2002   4.9   3.5   3.5   1.2   0.6   0.9   4.3  -1.0   1.9  -2.5   2.1   2.3
 2003   1.3  -3.0   1.0   2.9   0.4  -0.9   2.8   0.4   0.3  -1.8   0.8  -0.4
 2004  -0.3   2.6  -2.8   0.4   1.8   3.9   1.7   0.8   3.3   1.0  -1.0  -3.3
 2005   1.1  -3.2   3.2   3.3   1.6  -0.5   1.4   0.6   1.4   1.1  -2.6   1.0
 2006  -0.2   3.1  -0.0  -3.3   1.9   2.4   3.2   2.2   3.1   3.4   4.1   3.8
 2007  -1.7   1.2  -0.2   3.3   2.1  -2.4   3.4   3.1  -0.9  -0.4  -1.4   0.8
 2008   1.0   2.2   7.1   3.6   3.9   3.9   2.6   5.7   3.9   5.7   2.3   1.9
 2009   2.8   1.3   3.6   1.8  -2.4   0.6   1.3  -1.0  -1.1  -2.1  -1.9  -0.9
 2010  -5.9  -1.4   1.1   4.5  -0.1   3.5   4.5   3.8   4.1   0.8   3.7   1.3
 2011   3.8   3.7   3.2   4.3   4.7   4.2   4.5   3.8   6.5   1.0   3.2   0.1
 2012   2.8   3.6  -3.7   3.2   0.8   0.8  -0.9   3.1   1.9   1.3   2.8  -1.2
 2013  -2.5   0.9   2.8   1.3   1.8  -1.1   1.0   1.1   0.1  -0.5  -1.6   1.4
 2014   0.2  -2.6   0.8   0.3   4.2  -0.0   2.9   3.0   1.9   0.9   0.9  -1.8
 2015  -2.6   5.0   0.9   3.3   4.8   0.4   3.4   1.5   1.5   5.1   0.8  -3.7
 2016   6.5  -0.2   4.5  -0.0   0.7   0.7   2.1   0.3   1.0  -2.5  -0.5  -1.6
 2017  -0.7   1.2   1.3  -0.4   3.2   1.6   3.7   2.0   3.7  -1.8  -1.9  -0.9
 2018  -2.0  -0.8  -1.6   1.5   5.5   3.5   0.1  -0.9  -1.9   2.2   2.0  -0.8
 2019   1.5   3.5   0.6   2.4   3.0   2.7   3.2   4.5   5.6   0.9   0.3   1.6
 2020   3.9   2.3   3.9   4.1   6.4  -0.5   0.6   2.1   2.3  -1.2   3.3   3.3
 2021   4.3  -0.9   1.9   1.7   2.5   3.3   2.7   3.5   3.4  -1.5   1.7   2.1
 2022   2.4   4.9   4.9   2.2   2.7   2.6   3.5   0.8   3.8   0.6   0.4   1.1
 2023   3.8  -0.2   2.4  -1.0   3.6   1.5   3.2   4.9   1.8   6.2   2.4   1.3
 2024   1.1   0.5   2.7 -99.9 -99.9 -99.9 -99.9 -99.9 -99.9 -99.9 -99.9 -99.9
