 1866  -0.2  -0.3  -0.1  -0.4  -0.0  -0.1  -0.4   1.0  -0.4   0.1   1.5   0.2
 1867   1.5  -0.0   1.2   1.0   0.5  -0.4   0.5   0.3  -0.4  -1.6   0.5  -1.0
 1868  -0.6  -0.2  -1.6   0.9  -0.3  -0.9  -0.2  -1.2  -1.5  -1.2  -0.7   1.3
 1869  -2.3   0.4   1.4  -0.1   0.5   0.3   1.7  -0.0  -0.2   0.0   0.0  -0.5
 1870  -0.4  -0.7   0.3   0.9   0.6  -0.2  -0.0   0.4  -0.2  -0.5  -0.7  -0.7
 1871  -1.6   0.4  -1.2  -0.3  -0.2   0.3   0.5   0.7   0.7  -0.6  -0.5   1.6
 1872   2.2   1.0   1.0   1.3   1.0   0.3   1.5   0.3   3.4   1.4   3.1   2.2
 1873   2.3   3.1   3.9   2.7   2.9   0.9   0.5   0.2  -0.5  -2.2  -0.4   0.0
 1874   1.5   1.1   1.2   0.9   1.0  -0.9  -0.0   1.5   2.4   1.5   0.7  -0.2
 1875   1.1  -0.2   0.6   1.3   0.7   1.3  -0.9  -0.0  -0.0  -1.1  -2.0  -1.5
 1876   0.8   1.0  -1.2  -0.1   0.9   1.7   0.5   1.9   1.4  -1.1  -0.8   0.7
 1877  -1.2  -1.7  -1.8  -2.5  -1.6  -1.9   0.3  -0.2  -1.0  -0.8  -0.6  -1.3
 1878  -1.4  -1.8  -2.2  -0.8  -0.0  -0.5   1.2   2.3   1.2   0.2   1.5   1.1
 1879   1.4   1.7   1.8   1.4  -0.0   1.4   2.1   2.3   2.3   1.6   0.2  -1.8
 1880   0.2   1.8   1.7   1.2   1.0   1.0   1.4   2.4   1.9   1.6   1.9   0.3
 1881  -1.0  -0.5   1.9   1.9  -0.5  -0.6   0.5  -0.5  -1.1  -2.0  -0.1   0.4
 1882  -1.4  -0.5   0.7  -0.8  -0.5  -1.8  -3.0  -3.7  -2.6  -1.1   0.9   0.2
 1883   2.3  -1.7  -3.2   0.8   1.4   0.4  -1.6  -0.8  -1.5   0.1  -1.1  -3.7
 1884  -1.6  -0.3   1.5  -0.1   0.5   1.1  -0.2  -1.1  -0.9   0.7  -0.1  -2.6
 1885  -2.4   0.1   1.8   1.0   1.5  -0.8   0.5  -1.1   0.6  -1.2  -0.2   0.6
 1886   1.3  -0.6   1.4   0.2   0.4   0.3  -0.0   0.5   1.1   1.2   0.7  -0.3
 1887   1.9   0.4   1.3   0.2  -0.6   0.6   1.3   0.4   1.1   1.2  -0.3   1.6
 1888  -1.6  -0.0  -0.0  -1.8  -0.9  -1.3  -1.6  -0.7  -1.0  -1.0  -1.1   0.8
 1889  -2.7   1.5  -2.6   0.6   0.1   1.4   0.2   0.4   0.7   0.0   0.2   1.2
 1890   2.0   2.1   1.8   0.2   0.4  -0.3  -0.8  -1.1   0.1  -0.4   0.5   0.0
 1891   2.3  -0.6  -0.3   1.2   1.3   0.5   0.3   0.7   0.2   0.8   0.4   0.4
 1892   0.6  -0.7   0.5   1.2   2.2   1.7   1.4   0.3  -0.7   0.0  -1.8   0.3
 1893   1.3   0.7   2.0   1.1   2.2   1.6   2.1   1.6   1.7   0.0   1.2  -0.4
 1894   1.3   1.7   1.4   1.1  -0.2   0.5   1.6  -2.3  -0.1   0.6  -1.0   0.6
 1895   0.2   1.9   0.7   1.8   1.7  -0.7  -1.2  -1.7  -1.0  -1.0   1.0  -1.3
 1896   1.0   1.5  -0.0  -0.4  -1.3  -2.1  -1.6  -0.4  -0.6   0.0   0.3   0.2
 1897  -1.2  -0.8  -0.9  -0.8  -0.5   0.0   0.6   0.5  -0.1   0.3  -1.1   0.2
 1898   1.2  -0.2  -0.1   1.0   0.4  -0.6   1.2   1.0   0.4  -0.4  -1.6  -0.5
 1899   1.8   2.4   1.0   0.2  -0.3  -0.6  -0.3  -1.5   0.3   2.1   3.2   0.0
 1900  -0.1   0.1  -2.5  -0.9  -0.3   2.6   0.8  -0.4  -3.2  -3.1  -0.8  -0.1
 1901  -0.0   0.8   1.6   0.9   0.6   2.1   2.5   1.9  -1.7  -3.9  -0.5  -0.4
 1902   3.0   1.0   2.6   1.7   3.0   1.0   1.2  -0.7  -1.4   0.2   1.3   0.4
 1903  -0.2  -0.3   1.4   1.8   1.3   0.3  -0.5   0.1   0.7   0.1  -0.3   1.0
 1904   2.4   2.2   1.2   1.9   1.1  -0.2  -1.1   0.5   0.3  -0.8  -1.4   0.8
 1905  -0.5  -2.4  -2.4  -3.8  -4.4  -3.5  -2.3  -0.5  -1.2  -1.5  -0.9  -1.6
 1906  -0.7  -1.1   0.2  -0.5  -0.8  -0.8  -0.0   2.1   1.6   0.5   1.4   0.0
 1907  -0.1  -0.7   0.2  -0.5  -0.1  -0.3  -0.5  -1.3   0.2  -0.7  -0.8  -0.4
 1908  -0.3   0.8  -1.0  -0.1   0.5  -0.1   2.1   0.2   2.9   0.7  -0.1  -1.5
 1909  -1.1   0.5  -1.9  -1.4  -0.1   1.8   0.9   0.6  -0.6  -0.6   0.5   0.2
 1910  -0.8   1.7   1.5  -0.7   0.4   1.4   2.1   0.6   1.1   1.4   1.1   1.4
 1911  -0.3  -0.5   0.8  -0.7  -0.0  -0.1  -1.4  -1.2  -1.2  -0.8  -0.3  -0.3
 1912  -0.9  -1.2  -1.2  -0.5  -0.0  -0.8  -1.1  -0.8  -1.4  -0.9   0.2  -0.6
 1913  -1.0  -0.6  -0.6  -0.7   0.6   0.2   0.7  -1.1  -0.3  -0.4  -0.6  -0.8
 1914   1.0   2.3   1.6  -1.3  -1.0  -1.5  -0.3  -0.3  -0.9   1.3   1.0   1.5
 1915  -3.1   0.1  -1.0   0.0   2.1   2.2   2.8   1.9   0.9   0.7  -2.7  -0.2
 1916  -0.1  -1.3  -1.3   0.3  -0.2  -0.9   2.2   1.9  -0.4  -0.7   0.3  -0.4
 1917   0.8   3.0   1.5   1.7   2.4   1.3   2.2   3.4   3.5   1.5   1.7   2.0
 1918   2.1   2.3   0.8   1.7   1.2  -0.6  -1.2  -0.0   0.9  -0.4   0.3  -1.0
 1919  -2.4  -0.2  -1.5  -0.3  -1.0  -0.9  -1.1  -0.4  -0.4  -1.3  -0.9  -1.2
 1920  -0.9  -0.2   0.4  -0.6  -0.4  -1.5  -0.3  -0.1   0.1  -1.3  -0.5  -0.2
 1921   1.0   1.2   1.2  -0.6  -0.4   2.3  -0.3  -0.7   0.8   1.3   1.1   0.2
 1922   0.7   0.4   0.2  -0.6  -1.0  -0.3  -0.1  -0.1   0.4   0.7   1.1   0.9
 1923  -0.1   0.7   0.4  -0.3  -0.4  -0.9  -0.8  -1.1  -1.9  -0.3  -1.4   0.0
 1924  -0.0   0.4   0.3  -1.8   1.1   0.7   1.4   1.7   1.3   0.0   0.9  -0.7
 1925   0.2   0.4   0.2   0.1  -0.5  -0.9  -1.1  -1.6  -0.1  -1.4  -0.2  -0.8
 1926  -1.1  -1.2  -0.6  -0.1  -0.0  -0.5  -0.2  -1.1  -0.2  -0.3   0.7   0.1
 1927  -0.2   0.4   2.5   0.2   0.7   0.5  -0.2  -0.5   0.5  -0.3  -0.7   1.1
 1928  -0.0   1.4   1.3   1.1   0.7  -0.6  -0.1   1.9   1.3   0.2   0.9   1.2
 1929  -0.0   1.6   0.8   0.6  -0.5   1.1   1.2   0.4   0.5   1.3   0.8   0.0
 1930   1.0   1.4   0.8   0.3   1.3  -0.3  -0.1   0.4   0.1   1.7   2.1   0.0
 1931   1.5  -1.3   1.9   1.1   2.3   2.3   1.7  -0.9  -0.1  -0.7  -0.5   0.9
 1932  -0.5   0.3  -0.8  -2.0   0.4  -0.1  -1.8  -0.4  -1.9  -1.3  -0.6  -0.5
 1933  -1.9  -0.2  -1.2   0.5   1.1  -0.5   0.5   0.3   0.3  -0.4   0.2   0.5
 1934   0.8   0.9  -0.5   0.1  -0.3   0.7  -0.0  -2.8  -0.8   0.7   1.5  -0.5
 1935   0.4  -0.1   0.7   0.4   0.5   0.1  -0.1   1.0  -0.1   0.2   0.7  -0.2
 1936  -0.0   0.3   0.2   0.4  -0.1  -0.2   0.2  -2.0  -0.0   0.0  -1.6  -0.6
 1937   0.7   0.1  -0.4  -0.1   1.0   0.1  -0.3   0.2   0.7  -0.4  -1.2   0.2
 1938   0.3  -0.1  -0.2   0.1   0.6   1.2   1.8   0.7   1.2   2.1  -0.9   2.0
 1939   1.9   0.8   0.9   0.8   0.2  -0.2   1.2  -1.4  -0.3  -1.7  -1.1  -0.1
 1940  -0.6  -1.1  -0.8   0.2  -0.5  -1.0  -1.1  -1.5  -1.0   0.1  -0.5  -1.5
 1941  -0.6  -0.2  -0.9  -0.2  -0.5  -0.6  -0.7  -1.3  -0.6  -2.2  -1.2  -0.4
 1942  -0.6  -1.1  -0.1   0.2  -0.4   0.3   0.1  -0.1   0.6   0.1  -1.3   1.9
 1943   1.9   0.5   0.5   1.0   0.3  -0.4   0.1   0.4   0.1   0.4   0.0  -1.5
 1944  -0.9   0.9   1.0   0.1   0.6   0.1  -0.3   1.2   0.9  -0.9  -1.0  -0.4
 1945   1.2   1.1   0.6   0.0   0.4   0.3   1.0   1.2   1.4   0.7  -0.2   1.0
 1946  -0.6  -0.2   0.6  -0.2  -0.7  -0.5  -0.7  -0.1  -1.9  -1.0   0.0  -1.3
 1947   0.1  -1.2   1.5  -0.4  -0.2   0.4   1.7  -0.1   1.5  -0.5   0.6   0.2
 1948   0.3  -0.7  -0.8  -0.1   0.4  -0.4  -0.5  -1.3  -1.0   0.6  -0.7  -0.9
 1949  -0.6  -0.6  -0.4   0.8  -0.5  -0.5  -0.2  -0.1   0.2  -0.1  -0.9  -0.8
 1950  -0.6   1.3   2.1   0.2  -0.0   1.5   2.4   1.1   0.9   1.5  -0.6   1.4
 1951   1.7  -0.2  -1.6  -1.0  -0.6  -1.5  -1.7  -0.5  -1.4  -1.4  -0.8   0.0
 1952  -1.4  -1.0   0.9   0.0   0.4   0.9   0.8  -0.6  -0.2  -0.4  -1.2  -1.4
 1953   1.0  -0.6  -0.7  -0.6  -1.3  -0.3   0.8  -2.5  -1.0  -0.1   0.0  -0.3
 1954  -0.3  -0.2  -0.2  -1.0  -0.3  -0.5  -0.0   0.5   0.3   0.2   0.5   1.5
 1955   0.9   0.2  -0.5  -1.2  -0.0   0.3   1.5   0.8   1.4   1.1   1.0   1.9
 1956   0.8   0.7   1.0   0.1   0.4   0.3   0.1   0.4  -0.4   2.0   0.1   0.0
 1957   1.2  -0.7  -0.2   0.1  -0.2  -0.2   0.2  -0.9  -0.5   0.6  -0.9  -0.4
 1958  -1.4  -0.8   0.2  -0.3  -1.3  -0.9  -0.0  -0.0  -1.0  -1.3  -0.6  -0.4
 1959  -2.0  -0.8   0.9  -0.2  -0.0  -0.4  -0.1  -0.4  -0.0   0.4   0.5   0.2
 1960   0.3  -0.1   0.6   0.1  -0.3  -0.3   0.3   0.7  -0.2  -0.1   0.8   1.1
 1961   0.3   1.1  -2.1   0.8   0.4   0.0   0.4   0.2   0.3  -1.2   1.3   1.9
 1962   2.3  -0.1   0.3   0.3   0.8  -0.2  -0.7   1.2  -0.0   0.5  -0.2   0.1
 1963   1.4   2.1   0.4   0.1  -0.3  -0.6   0.2  -0.9  -0.3  -0.8  -0.1  -0.8
 1964   0.2   0.2   0.7   1.3  -0.4   0.2  -0.1   1.6   0.8   0.9  -0.8  -0.5
 1965  -0.9  -0.5  -0.1   0.4   0.2   0.0  -0.9  -0.8  -1.0  -0.2  -1.2  -0.6
 1966  -1.4  -0.7  -1.5  -0.3   0.3   0.9  -0.1   0.5  -0.2   0.1   0.0  -0.6
 1967   1.7   1.7   1.1   0.8  -0.3   0.7  -0.0   0.9   1.7  -0.1  -0.8  -0.8
 1968  -1.4   0.5  -0.0  -0.1   0.5   1.2   0.8  -0.1  -0.2  -0.1   0.3   0.1
 1969  -3.4  -1.7   0.7   0.4  -0.7   0.1  -0.5  -0.1  -1.9  -1.2   0.1   0.1
 1970  -0.3  -1.7  -0.1   0.0  -0.0   0.6  -0.0  -0.2   0.3  -0.4   1.5   1.2
 1971  -0.0   1.2   1.9   1.3   0.7   0.8  -0.2   1.2   1.5   1.6   0.4  -1.3
 1972   0.2   0.1  -0.5   0.5  -0.5  -1.2  -2.0  -0.4  -0.7   0.0   0.3  -0.3
 1973   0.3  -1.2  -0.1  -0.7   0.3   0.0   0.4   0.6   1.7   0.4   1.6   2.4
 1974   2.0   1.2   1.6   0.7   1.5   0.2   1.6   0.3   1.1   0.3  -1.4  -1.1
 1975  -1.0   1.4   1.1   0.1   0.3   0.8   2.1   1.7   2.3   1.0   1.3   1.8
 1976   1.2   1.5   0.4   0.6   1.4   0.1  -0.7  -0.6  -1.1  -0.3   0.2  -1.7
 1977  -1.3   0.9  -1.3  -1.3  -0.9  -1.2  -1.6  -1.1  -0.5  -0.6  -1.2  -1.4
 1978   1.2  -3.0   0.8  -0.3   0.5  -0.7  -0.8  -0.6  -0.2  -1.0   0.2  -0.3
 1979  -1.2   1.7  -0.3  -0.4   0.8   0.8   0.4  -0.3  -0.0  -0.2  -0.6  -0.4
 1980   0.2  -0.1  -2.0  -1.3  -0.0  -0.5  -0.0   0.8  -0.1  -0.3  -0.4  -0.4
 1981  -0.7  -1.1  -0.8  -0.2   0.7   0.8   0.2   0.4   0.2  -0.6  -0.2   0.9
 1982   2.1   0.5   0.2   0.4  -0.0  -1.0  -1.4  -1.8  -1.1  -1.6  -2.6  -2.4
 1983  -3.1  -3.4  -2.7  -1.4   1.5   0.4   0.2   1.1   1.8   0.3   0.6   1.0
 1984   1.0  -0.1  -0.7   0.9   0.2  -0.4   0.4  -0.3   0.1  -0.3   0.9  -2.7
 1985   0.5   0.7  -0.9  -0.2  -1.1  -1.1   0.3   0.9  -0.4  -1.0  -0.8   0.5
 1986  -0.0  -2.0   0.9   0.0  -0.1  -0.2   0.2  -2.0  -0.6   1.1  -1.8  -0.5
 1987  -0.6  -1.9  -0.0  -0.9  -1.0  -1.9  -0.9  -0.7  -0.3  -0.5   0.0  -0.6
 1988   1.2  -1.0  -0.4   0.5   1.2   1.1   1.6   2.0   2.0   0.7   1.6   1.2
 1989   1.8   2.1   0.9   0.7   1.1   1.2   0.6  -0.5   0.7   0.3  -0.6   0.4
 1990   0.3  -0.3  -0.9   0.2   1.2   0.0   0.7  -0.1   0.1   0.4  -0.7  -0.3
 1991   1.0  -0.0  -0.1  -1.1  -0.6   0.1   0.3  -0.0  -1.4  -1.8   0.0  -2.3
 1992  -1.6  -0.9  -1.6  -0.7   0.3  -1.6   0.7   0.2  -0.6  -2.4  -0.6  -1.3
 1993  -1.3  -1.9   0.9  -0.6   0.5  -0.6  -1.1   0.1   0.2  -1.0   0.0  -0.2
 1994  -0.0  -0.0  -0.2  -1.4  -0.5  -0.9  -1.5  -0.6  -1.3  -1.2  -0.1  -0.5
 1995  -0.2   0.6   0.2  -1.5  -0.4   0.3   0.4   0.5   0.6  -0.8   0.0  -1.0
 1996   1.1  -0.3   1.1   0.6   1.5   1.6   0.6   0.5  -0.5  -0.2  -0.6  -0.3
 1997   1.8   1.0  -0.6   1.0  -1.8  -0.8  -0.2  -0.8   0.2  -0.3   0.3  -0.7
 1998  -3.6  -0.5  -2.9  -1.4   0.7   0.9   1.7   1.6   1.6   0.6   0.3   0.9
 1999   1.8   1.0   0.3   1.4   1.3   0.6   1.1   1.4   0.4   1.1   1.0   1.7
 2000   1.5   2.7   1.5   1.0   1.1   0.2  -0.4   0.2   1.7   0.1   1.0  -1.2
 2001   2.6  -0.4   1.2  -0.1  -0.0  -0.2  -0.1  -0.8   0.2  -1.2   0.8  -1.4
 2002   1.6   1.6   0.3   0.0  -0.7  -0.3   0.6  -1.4  -0.0  -1.2   0.1  -0.5
 2003   0.1  -1.6  -0.4   0.4  -0.3  -1.1   0.9  -0.1  -0.0  -0.7  -0.1   0.7
 2004  -1.3   1.5  -0.8  -0.9   1.2   0.0  -0.1  -0.3   0.6   0.0  -0.9  -1.7
 2005   0.5  -3.8   0.7   0.1  -0.4  -0.1   0.4  -0.4   0.7   1.1  -0.9   0.1
 2006   1.3   0.7   1.1  -0.2  -0.1   0.1   0.2  -0.6   0.3  -0.4   1.1   0.6
 2007  -1.2  -0.0  -0.3   0.5   0.3  -0.5   0.5   0.9  -0.1   0.3   0.3   1.5
 2008   1.7   2.6   2.7   1.3   0.8   1.2   0.8   2.1   2.1   2.4   1.7   1.6
 2009   1.6   1.7   0.9   0.9  -0.9  -0.1   0.4  -0.7  -0.0  -1.8  -1.1  -1.0
 2010  -2.6  -1.9  -0.7   2.0   0.6   0.9   2.6   2.3   3.0   1.5   2.0   2.7
 2011   2.9   3.1   2.6   2.5   1.4   1.0   1.9   1.1   2.6   0.7   1.7   2.0
 2012   1.6   1.1  -0.8   0.4   0.1  -0.5  -0.4   0.4   0.7   0.4   0.9  -1.0
 2013  -0.8  -0.2   1.6   0.3   1.0   0.4   0.8   0.2   0.3  -0.4   0.1   0.3
 2014   1.2  -0.9  -1.0   0.5   1.4  -0.2   0.5  -0.1  -0.1  -0.5  -0.6  -1.1
 2015  -1.5   1.3  -0.8   0.6   0.5  -0.7  -0.2  -1.1  -1.0  -0.3  -0.3  -1.6
 2016  -0.2  -2.0   0.7  -1.3   0.4   0.4   0.8   0.4   1.3  -1.1  -0.3  -0.3
 2017  -0.1  -0.0   0.7  -0.5   0.9  -0.3   1.5   0.7   1.5   0.1   0.2  -0.5
 2018   0.3  -0.9   0.4   0.6   1.6   0.5   0.1  -0.8  -1.3   0.7   0.4   0.5
 2019   0.3  -0.5  -0.5   0.5   0.3   0.0   0.4   0.8   0.5  -0.3  -0.7  -0.2
 2020   1.1   0.3   0.5   1.0   1.9  -0.8   0.4   1.2   1.4  -0.1   1.4   2.3
 2021   2.7   0.8   0.4   0.5   0.9   0.9   1.8   1.2   1.6   0.0   1.2   1.7
 2022   1.0   2.0   2.4   1.8   1.8   1.8   1.5   0.8   2.4   1.4   0.3   2.0
 2023   2.1   0.9   0.4  -0.3  -0.1   0.3   0.5   0.3  -0.6   1.0  -0.1   0.0
 2024   0.6  -1.3   0.6 -99.9 -99.9 -99.9 -99.9 -99.9 -99.9 -99.9 -99.9 -99.9
