 Hurrell PC-Based North Atlantic Oscillation Index (Monthly)
1899  -0.07  -0.76  -1.06  -0.40  -0.61   0.15   0.22  -0.59   0.49   0.21   0.62  -1.07
1900   0.33  -2.60  -1.34   0.56   0.03  -0.24  -0.38  -0.19   0.73   0.17   0.11   0.79
1901   0.26  -2.08  -0.43   0.31  -0.49   0.42  -0.04   0.15  -0.08   0.35  -0.90  -0.40
1902   0.26  -2.43  -0.19  -0.80   0.06  -1.31  -0.58  -0.64  -0.54   0.24  -0.22   0.41
1903   0.22   2.17   2.18  -0.51   0.23  -1.30  -0.49  -0.09  -0.28  -0.57   0.65  -0.19
1904   0.86   0.02   0.10   1.65   0.47  -0.09  -0.21  -0.34  -0.07   0.46  -0.25  -0.15
1905   0.87   1.10   1.14  -0.85   0.62  -0.05   0.07  -0.13   0.10  -0.76   0.00   0.94
1906   1.01   0.60   0.32   0.89  -0.96  -0.55   0.35  -0.62   0.03   0.56  -0.96   0.41
1907   0.62   1.02   1.73   0.00  -1.09  -0.18  -1.11  -0.03   0.10  -0.23   0.51  -0.11
1908   0.74   0.68   0.76  -0.52   0.40   0.15  -0.21  -0.13   0.19  -0.15   0.01   0.38
1909   0.57  -0.36  -2.33   0.23  -1.18  -0.47   0.58   0.48  -0.52  -0.04  -0.64  -1.63
1910   1.01   1.45   0.93  -0.43   0.07  -0.37  -0.45  -0.66  -0.05  -0.07  -2.40  -0.37
1911   0.83   0.87   0.39   0.20   0.88  -0.03  -0.30  -0.18   0.27  -0.24   0.44   0.45
1912  -0.82  -1.62   0.92   0.82   0.57  -0.31  -0.43  -0.59  -0.81   0.32   0.66   1.62
1913   0.51   0.72   2.85   0.85   0.16   0.71  -0.16   0.16  -0.44  -0.48   1.64   0.55
1914  -0.21   1.00   0.22   1.44   1.46   0.80  -0.35   0.06  -0.10   0.17   0.34   0.77
1915  -0.62  -0.40  -2.21   1.33  -0.86  -0.78  -0.35  -0.68  -1.05  -0.55  -1.83  -1.63
1916   1.76   0.98  -2.00  -0.19  -0.58  -0.54   0.28  -0.06  -0.32   1.00  -0.11  -2.22
1917  -1.46  -0.00  -0.50  -1.07  -1.11   0.34  -0.36  -0.21   0.92   0.50   0.75  -0.65
1918  -2.18   1.99   0.52  -0.29   0.46   0.64  -1.00   0.10   0.24   0.36  -0.02   0.10
1919  -0.64  -2.20  -0.48   0.51  -0.20   1.10  -0.03   0.69   0.49  -0.73  -1.18   1.06
1920   1.26   1.16   2.53  -1.03   0.50  -0.05   0.97   0.15  -0.00  -0.65   1.08  -1.04
1921   0.88   0.33   2.34   0.16   0.66   0.24   0.02   0.21   0.10   0.26  -0.52   1.29
1922  -0.43   1.32   0.29  -0.42   0.67   1.11   0.33   0.19   0.05  -1.35  -0.04   0.90
1923   0.76  -0.15   0.13  -0.07  -0.13   0.52   0.53  -0.22   0.57   0.94  -0.15   0.47
1924   0.44  -0.77  -2.39  -1.02  -0.08  -0.20   0.38   0.25   0.42   0.05   0.31   1.55
1925   1.50   1.12  -0.36   0.76   0.06   0.39   0.05   0.18   0.26  -0.42  -0.87  -1.28
1926   0.08  -0.05   0.38   0.39  -0.96  -0.58   0.18   0.00   0.14  -1.16   0.47  -0.27
1927   1.10   0.27   0.82   0.49  -0.42   0.04   0.01  -0.07  -0.59  -0.74   0.37  -2.03
1928   2.13   1.75  -0.67   0.16  -0.90  -0.63   0.61  -0.26  -0.00   0.49   0.47   0.48
1929  -2.22  -0.54   0.30  -0.71   0.41  -0.23   0.11   0.01   0.47   0.87   0.39   1.41
1930   1.16  -0.17  -0.41  -0.61   0.41   0.56  -0.29  -0.40  -1.29   0.09   0.89   0.40
1931  -0.42   0.19  -2.44   0.29  -0.36  -0.38   0.06  -0.38  -0.49   0.00   0.81   0.50
1932   1.28  -1.24  -1.36  -0.15  -0.60  -0.46  -0.31   0.32   0.15   0.24   0.62   1.09
1933   0.80  -1.46  -0.34  -0.63  -0.32   0.06   0.41   0.67  -0.53  -0.61  -0.12  -0.14
1934   1.58   1.26   0.96  -0.66   1.10  -0.67  -0.23   0.21   0.05   0.35   0.01  -0.91
1935  -0.03   1.67  -0.23  -1.15  -0.82   0.05   0.80   0.19  -0.37   1.31   0.39  -1.52
1936  -2.02  -2.30  -1.07  -0.07   0.03   0.26  -0.17   0.46  -0.47   1.04   0.98   1.69
1937   0.63  -0.58  -1.95  -0.03   0.52   0.55  -0.15   0.43   0.50  -0.04  -0.98  -1.21
1938   0.90   0.20   1.71   0.49   0.10   0.89   0.47   0.29   0.45   1.36   1.14  -0.35
1939  -1.36   1.51   0.13  -0.03   0.04  -0.12  -0.31   0.02  -1.07  -0.41   0.44  -1.10
1940  -3.05  -1.86  -1.65  -0.47  -0.39   0.25  -0.12   0.74   0.28  -0.59   0.69   0.32
1941  -2.35  -1.58  -1.16  -0.54   0.22   0.43   0.50  -0.19  -0.37  -0.15  -0.28   0.55
1942   0.13  -3.08  -1.65  -0.25   0.24  -0.35   0.35   0.38   0.78   0.23  -0.36   0.34
1943  -0.97   2.23   0.83   2.27   0.57   0.03   0.04  -1.17   0.16  -0.15   0.13   1.07
1944   1.47  -0.29  -0.45  -0.28   0.86  -0.12  -0.76   0.36   0.49   0.65  -0.90   0.28
1945  -2.72   0.99   0.74  -0.19  -0.08  -0.29  -0.21   0.27   0.11  -0.15  -1.26  -1.60
1946   0.93  -0.41  -0.05   1.13  -0.70   0.81   0.83   0.08   0.37  -0.60  -0.45   0.32
1947   0.07  -5.11  -1.90   2.42   0.05  -0.13   0.64   0.16   1.11   0.27  -1.98  -1.57
1948  -0.19   0.54   2.23   0.66  -0.22  -0.41  -0.32   0.01   0.16   1.04   0.17  -0.12
1949   1.23   2.42   0.01   1.30  -0.30  -0.40  -0.18   0.13  -0.39   0.64  -0.25   0.58
1950  -0.07   0.78   0.60   0.54  -0.36   0.57  -0.63  -0.09   0.84   0.43  -0.66  -1.40
1951   0.23   0.09  -2.30  -0.53  -0.69  -0.87   0.47   0.10  -0.37   0.29  -0.19   1.97
1952   0.82  -1.36  -2.43   0.73  -1.22   0.16   0.49   0.02  -0.34  -0.30  -1.17  -1.29
1953  -0.00   0.14   0.63  -1.22  -0.39   0.11   0.51   0.34   0.27   0.86   1.70   1.17
1954  -0.14   0.41  -0.19   0.56  -1.28   0.29   0.26  -0.30   0.38   1.08   0.97   1.12
1955  -2.63  -2.05  -1.53  -0.16   0.07  -0.38   0.73   0.60   0.80  -0.54  -1.94  -0.77
1956  -1.52  -1.90   0.38  -0.96   2.15   0.34  -0.56  -0.41  -0.33   1.01   0.68   1.22
1957   2.02  -1.21  -1.85   0.38  -0.51  -0.62  -0.66   0.42  -0.66   1.88  -0.77   0.65
1958  -0.86  -1.99  -3.14   0.24   0.03  -0.97  -0.54  -0.97  -0.28   0.65   0.37  -1.01
1959  -2.23   2.46   1.15   0.08  -0.20   0.19   0.46  -0.36   0.09   0.48  -0.40   0.02
1960  -2.38  -2.88  -1.59   0.17  -0.45   0.10  -0.12  -0.83  -0.03  -1.74  -0.31   0.74
1961  -0.09   1.13   0.81  -1.05   0.21   1.48   0.06   0.84   0.74   0.35  -0.53  -2.43
1962   1.88   0.25  -3.85   0.72  -0.14   0.38  -1.08   0.42  -0.09   0.46  -0.51  -0.26
1963  -3.01  -1.74   0.29  -1.07   1.54  -0.52  -0.40  -0.12   0.77   1.19  -0.90  -1.33
1964   0.08  -0.76  -0.95   0.37   0.64   0.40   1.22  -1.05   0.01   0.53  -0.12   0.05
1965  -0.51  -2.01  -0.92   0.72  -0.57   0.46  -0.16   0.23  -0.14   0.24  -1.69  -0.19
1966  -3.75  -2.15  -0.22  -1.47   0.64   0.47   0.39  -0.93   0.13  -1.55   0.23  -0.01
1967  -1.44   1.49   2.28   0.65  -0.35   1.30   0.27   0.39   0.37   1.18   0.74  -0.88
1968  -0.32  -1.57   1.49  -0.26  -0.71   0.31  -0.63  -0.36  -1.20  -1.49  -1.55  -1.39
1969  -3.30  -2.85  -2.16   0.58  -0.42  -0.06   0.46  -0.71   0.54   0.82   0.30  -0.82
1970  -2.56   0.17  -1.18  -0.19   0.61   0.81   0.43  -0.24   0.20  -0.14  -0.28  -0.95
1971  -1.16   0.32  -1.08  -0.93   0.67  -0.89  -0.23   1.05  -0.04   0.53  -0.08   0.58
1972   0.28  -0.14   0.47   0.14   0.58   0.69  -0.13   0.41  -0.54   0.17   0.46   1.61
1973   0.85   1.26   0.89  -1.15  -0.08   0.62   0.23   0.29  -0.04  -0.41  -0.57   0.15
1974   1.72  -0.05   0.15   0.22  -0.67  -0.25   0.56  -0.06   0.52  -0.26  -0.09   1.21
1975   1.33   0.31  -0.27  -0.19  -0.56  -0.25   0.77  -0.10   1.21  -0.36   0.40   0.93
1976   0.49   1.88   1.61   0.15   0.51   0.46  -0.26   0.65  -0.98  -0.45   0.39  -1.38
1977  -2.47  -1.30  -0.10   0.86  -0.21  -0.16  -0.16  -0.77   0.05   0.44   0.95  -0.63
1978   0.71  -3.57   1.43  -1.41   0.26   0.66  -0.50   0.02   0.13   0.90   2.44  -2.33
1979  -2.35  -1.36   0.79  -1.26  -0.04   0.79   0.37   0.11   0.47  -0.66   0.56   1.21
1980  -1.67   0.17  -0.70   0.37  -1.16   0.23  -0.59  -0.70   0.56  -0.66  -1.39   1.08
1981   0.54   0.82  -1.78  -0.02   0.13  -0.33   0.61   0.33  -0.91  -0.57   0.15  -2.15
1982  -1.40   1.07   1.86   0.96  -0.06  -1.16   0.44   0.55   0.58  -0.14   1.94   1.96
1983   2.51  -1.13   0.79  -0.98  -0.40   0.60   0.34   0.97  -0.34   1.41  -1.21   0.62
1984   2.02   0.68  -1.67  -0.32   0.43   0.23   0.16   0.67  -0.02   0.57  -0.39   1.32
1985  -2.66  -1.36  -0.06   0.19  -0.54  -0.47   0.15   0.13  -0.19   0.81  -1.22  -0.92
1986   0.97  -2.83   3.05  -0.59   0.58   0.57   0.14  -0.71  -0.47   2.20   1.59   1.35
1987  -1.50  -1.55  -0.97   0.95   0.30  -0.54  -0.07  -0.80  -0.07   0.10   0.20  -1.25
1988   0.46   0.15  -0.09  -1.37  -0.14   0.38  -0.03   0.42   0.22  -0.19  -0.23   1.33
1989   2.65   3.08   2.09  -0.27   0.90   0.03   0.69   0.70   0.84   0.74  -0.25  -0.80
1990   2.04   3.10   3.07   1.92  -0.18   0.31   0.01   0.46   0.12   0.13  -0.63   1.64
1991   1.36   0.44  -0.81   0.33   0.63  -0.13  -0.20   1.06   0.24  -0.52   0.74   1.56
1992   1.14   1.92   1.73   0.30   0.72  -0.29   0.07   0.65  -0.18  -0.93   1.76   1.24
1993   3.05   1.03   1.19   0.16  -1.53  -0.53  -0.54  -0.18  -0.51  -1.11   1.34   0.86
1994   0.51  -0.70   2.41   0.79  -0.23   1.58   0.56   0.34  -0.49  -0.75   0.46   1.36
1995   0.43   1.83   0.72  -1.01  -0.80  -0.04  -0.03   0.12  -0.19  -0.39  -1.22  -2.36
1996  -1.34  -0.07  -1.17  -0.91  -0.52   0.51   0.74   0.09  -0.89   0.11   0.38  -2.10
1997  -0.53   2.99   2.03  -0.27  -0.51  -1.02  -0.12   0.31   0.23  -1.19  -1.13  -0.46
1998  -1.02   0.49   0.56  -0.43   0.29  -0.93   0.04   0.64  -1.89   0.42  -0.48   1.51
1999   0.67   1.00  -0.90  -0.31   0.40   1.03   0.04  -0.41  -0.22  -0.06   0.98   1.04
2000   1.13   2.79   0.30  -0.59   0.78   0.26  -0.56   0.32   0.47   0.91  -1.08  -1.46
2001  -0.29  -0.37  -1.95   0.51   0.13  -0.29  -0.14   0.57  -0.83   0.60   1.24  -1.48
2002   1.22   1.36   0.77   0.54   0.34   0.61   0.46  -0.21  -0.81  -1.44  -0.58  -1.31
2003  -0.12   0.88   1.10  -0.51   0.75  -0.08  -0.19  -0.22   0.30  -0.55   0.28  -0.09
2004  -1.23  -0.50   0.85   0.43   0.27  -0.22   0.41  -0.47   0.69  -1.00  -0.05   1.97
2005   1.43  -0.74  -1.75  -0.10  -0.38  -0.18   0.09   0.40   0.16  -0.80   0.45  -0.61
2006   0.57  -1.19  -2.34   0.85  -0.45   0.93   0.36  -0.55  -0.32  -1.87   0.78   2.23
2007   1.54  -1.31   1.75   0.31   0.83  -0.91  -0.24  -0.08   0.07   0.38  -0.08   1.16
2008   0.80   1.44   0.47  -1.26  -1.32  -0.72  -0.43  -0.01   0.11   1.22   0.18   0.60
2009   0.56  -1.08   0.23   0.44   1.48  -1.23  -1.04  -0.05   1.01  -1.41   0.40  -2.97
2010  -2.10  -4.02  -0.76  -0.77  -0.74  -0.29   0.10  -0.65  -0.77  -0.57  -1.62  -3.56
2011  -1.36   1.09   1.00   2.35   0.12  -1.15  -0.42  -0.96   0.80   0.54   1.08   2.64
2012   0.78   0.96   1.31  -0.30  -0.36  -1.15  -0.10  -0.43   0.60  -1.62   0.07  -1.52
2013   0.03  -1.02  -4.12   0.27   0.44   0.59   0.13   0.80  -0.27  -0.50   1.13   1.88
2014  -0.12   0.97   1.36   0.29  -0.16  -0.57  -0.23  -0.52   0.20  -0.69  -0.27   1.46
2015   1.99   1.24   2.33   0.86   1.21   0.18  -1.23  -0.43  -0.50   0.03   1.57   1.74
2016  -0.38   1.27   0.98  -0.64   0.13  -0.24  -0.36   0.06   0.65  -1.02  -0.09   1.46
2017   0.18   0.41   1.01   0.02  -1.09   0.24   0.61   0.18  -0.18   0.64  -0.37   0.45
2018   0.64   0.50  -2.31   0.46   1.70   0.42   0.61   0.89   0.46   0.45  -1.20   0.13
2019  -0.42   0.29   2.34  -0.17  -1.24  -0.91  -0.93  -0.56   0.08  -0.92  -1.00   0.42
2020   2.01   2.99   1.16  -0.15   0.38  -0.34  -0.08  -0.08   0.65  -0.28   1.89  -0.87
2021  -2.55  -0.86   1.29  -1.34  -0.30   0.73   0.23  -0.13  -0.45  -0.76  -0.33  -0.54
2022   1.32   2.34   0.67  -1.02   0.67   0.08   0.15  -0.08  -1.00   0.78   0.11  -3.08
2023   0.35   1.54  -2.05  -1.18   0.96  -0.68  -0.46  -0.57  -0.37  -1.05  -0.75  -0.19
2024  -0.18   0.58  -1.04  -999.  -999.  -999.  -999.  -999.  -999.  -999.  -999.  -999.
