 Hurrell PC-Based North Atlantic Oscillation Index (Annual)
  1899   -0.58
  1900   -0.37
  1901   -0.65
  1902   -1.24
  1903    0.56
  1904    0.71
  1905    0.77
  1906    0.24
  1907    0.41
  1908    0.67
  1909   -1.08
  1910   -0.20
  1911    0.96
  1912    0.29
  1913    1.80
  1914    1.46
  1915   -2.12
  1916   -0.37
  1917   -0.68
  1918    0.31
  1919   -0.32
  1920    1.29
  1921    1.41
  1922    0.72
  1923    0.74
  1924   -0.05
  1925    0.25
  1926   -0.22
  1927   -0.04
  1928    0.98
  1929    0.21
  1930    0.18
  1931   -0.61
  1932   -0.17
  1933   -0.46
  1934    0.76
  1935    0.08
  1936   -0.35
  1937   -0.38
  1938    1.72
  1939   -0.36
  1940   -1.29
  1941   -1.09
  1942   -0.70
  1943    1.06
  1944    0.12
  1945   -0.95
  1946    0.59
  1947   -1.16
  1948    0.74
  1949    0.95
  1950    0.15
  1951   -0.35
  1952   -1.43
  1953    0.86
  1954    0.68
  1955   -1.83
  1956   -0.08
  1957   -0.24
  1958   -1.90
  1959    0.49
  1960   -1.88
  1961    0.34
  1962   -0.55
  1963   -1.10
  1964    0.01
  1965   -1.07
  1966   -1.83
  1967    1.15
  1968   -1.70
  1969   -1.80
  1970   -0.86
  1971   -0.37
  1972    0.97
  1973    0.22
  1974    0.69
  1975    0.55
  1976    0.72
  1977   -0.74
  1978   -0.27
  1979   -0.35
  1980   -1.06
  1981   -0.87
  1982    1.47
  1983    0.46
  1984    0.83
  1985   -1.26
  1986    1.31
  1987   -1.17
  1988    0.13
  1989    2.23
  1990    2.50
  1991    0.97
  1992    1.66
  1993    0.67
  1994    1.33
  1995   -0.82
  1996   -1.07
  1997    0.02
  1998   -0.28
  1999    0.57
  2000    0.65
  2001   -0.57
  2002    0.34
  2003    0.32
  2004    0.11
  2005   -0.72
  2006   -0.24
  2007    0.55
  2008    0.11
  2009   -0.74
  2010   -3.62
  2011    1.13
  2012   -0.51
  2013   -0.17
  2014    0.54
  2015    1.92
  2016    0.40
  2017    0.35
  2018    0.75
  2019   -0.67
  2020    1.50
  2021   -1.12
  2022    0.19
  2023   -1.08
