Year  Mo   SST    Wind 
1948   1   0.50  -0.90
1948   2   0.11   6.00
1948   3   1.22  -1.11
1948   4   2.19   5.26
1948   5   1.26   4.83
1948   6   2.24   4.07
1948   7   1.42   3.72
1948   8   0.48   2.59
1948   9  -0.99   0.86
1948  10  -1.07   1.09
1948  11  -0.05   1.65
1948  12  -1.12  -3.63
1949   1  -0.61  12.66
1949   2  -0.55   2.07
1949   3  -1.67  -1.55
1949   4  -1.45  -1.16
1949   5  -2.15  -0.04
1949   6  -2.17  -0.14
1949   7  -0.78   3.21
1949   8   0.42   5.07
1949   9   0.22   2.32
1949  10  -0.12  -0.95
1949  11  -1.21  -2.71
1949  12  -0.76   0.05
1950   1  -0.65  -0.39
1950   2  -2.30  -6.68
1950   3  -2.10  -1.47
1950   4  -0.20   0.52
1950   5  -0.01   2.87
1950   6  -0.48   2.48
1950   7  -0.31   4.03
1950   8   0.80   4.93
1950   9   0.61   2.15
1950  10   0.52   3.06
1950  11   0.89   5.35
1950  12   2.26   6.81
1951   1   1.55   3.55
1951   2   0.47  -1.21
1951   3   1.91  16.51
1951   4   3.37   8.96
1951   5   3.68   1.46
1951   6   3.98   7.94
1951   7   3.23   2.15
1951   8   1.35  -0.74
1951   9   0.41   1.84
1951  10  -0.34   2.18
1951  11  -0.77  -6.29
1951  12  -1.67  -7.09
1952   1  -2.73  -4.77
1952   2  -1.22   8.63
1952   3   0.95  11.57
1952   4   1.20  -4.53
1952   5   1.99   8.99
1952   6   3.04   4.22
1952   7   1.99   4.14
1952   8   1.83   3.69
1952   9   2.01   3.55
1952  10   2.02   1.33
1952  11   2.00   5.12
1952  12   3.39  12.77
1953   1   3.28  12.61
1953   2   3.08  -1.14
1953   3   1.51   1.64
1953   4   2.46   9.82
1953   5   2.59   5.23
1953   6   1.80   0.37
1953   7   1.62   3.31
1953   8   1.64   3.12
1953   9   1.93  -1.62
1953  10   0.48  -2.82
1953  11   0.96  -1.01
1953  12   0.97  -3.03
1954   1   1.07  -1.31
1954   2   0.67  -5.89
1954   3  -0.34  -4.27
1954   4  -1.01   0.79
1954   5   1.17   9.51
1954   6   0.61   0.38
1954   7  -0.32   2.57
1954   8  -1.59   3.39
1954   9  -2.05  -2.51
1954  10  -2.40   0.15
1954  11  -2.37  -4.49
1954  12  -1.84  -2.75
1955   1   0.20  15.31
1955   2   1.30  10.03
1955   3   0.55   5.90
1955   4   1.46   1.95
1955   5   1.11   2.93
1955   6   1.63   3.38
1955   7   2.17   2.88
1955   8   2.37   5.26
1955   9   1.94   2.94
1955  10   2.12   3.30
1955  11   2.84   7.37
1955  12   3.47   4.09
1956   1   3.57  12.74
1956   2   3.09   8.78
1956   3   2.16  -4.72
1956   4   1.69   2.53
1956   5  -0.19  -4.53
1956   6  -1.75  -4.11
1956   7  -1.02   0.08
1956   8  -0.78  -0.32
1956   9  -1.17  -0.23
1956  10  -0.37   3.64
1956  11  -0.11   3.94
1956  12   0.43  -5.82
1957   1  -1.35  -6.42
1957   2  -2.26  -2.60
1957   3  -1.27  11.01
1957   4  -1.93  -4.15
1957   5  -0.92   3.52
1957   6   0.18   4.16
1957   7   0.97   2.16
1957   8   2.06   0.95
1957   9   2.25   4.00
1957  10   2.37   4.35
1957  11   1.63   3.52
1957  12   1.32  -4.83
1958   1   2.73  15.85
1958   2   5.19  17.55
1958   3   7.97  15.93
1958   4   8.79   3.79
1958   5   8.34   6.85
1958   6   7.65   7.40
1958   7   5.24   2.85
1958   8   4.12   5.03
1958   9   3.68  -0.47
1958  10   2.07   1.16
1958  11   1.72  -1.89
1958  12   1.32  -1.99
1959   1   2.28   6.53
1959   2   2.16  -4.34
1959   3  -0.15  -8.98
1959   4  -0.78  -2.54
1959   5  -0.61   0.76
1959   6  -1.00  -3.60
1959   7  -0.60  -0.62
1959   8  -0.75   0.96
1959   9  -0.51   1.47
1959  10  -0.77  -1.69
1959  11  -0.83  -2.97
1959  12  -0.92  -4.74
1960   1   0.22   6.85
1960   2   1.51  15.93
1960   3   1.43  -2.55
1960   4   1.85  -1.31
1960   5   2.29   1.53
1960   6   2.38   0.39
1960   7   1.48  -0.83
1960   8   1.05   2.08
1960   9   0.56  -0.04
1960  10  -0.04   2.82
1960  11  -0.04  -0.45
1960  12  -0.38  -2.75
1961   1  -0.19  -7.33
1961   2  -0.21  -1.96
1961   3   0.41   3.69
1961   4   1.92  -0.79
1961   5   2.20  -0.97
1961   6   0.94  -4.09
1961   7   0.87   2.68
1961   8   0.85   2.08
1961   9  -0.30   0.82
1961  10  -0.99  -3.58
1961  11  -0.43   6.98
1961  12   1.27   6.98
1962   1   1.75  -8.89
1962   2   1.68   0.77
1962   3   2.84  13.41
1962   4   2.71  -3.54
1962   5   2.41   2.98
1962   6   0.98  -1.02
1962   7   2.24   2.43
1962   8   1.44   1.78
1962   9   0.61  -0.64
1962  10   0.06   0.36
1962  11   0.97   5.27
1962  12   2.37   9.75
1963   1   2.79   6.79
1963   2   2.83  -0.50
1963   3   1.49  -2.22
1963   4   1.92   3.29
1963   5   0.09  -4.97
1963   6  -0.71   1.84
1963   7  -0.47   4.38
1963   8  -1.26  -0.58
1963   9  -2.39  -1.44
1963  10  -1.52   0.26
1963  11  -1.43   1.53
1963  12  -2.13  -6.81
1964   1  -1.04   5.18
1964   2   0.58   2.63
1964   3   0.56   2.61
1964   4  -0.32  -6.87
1964   5   0.66  -1.60
1964   6   0.48  -2.35
1964   7  -0.33  -3.42
1964   8  -0.66   2.60
1964   9  -0.39   0.61
1964  10  -0.48  -2.79
1964  11   0.03   6.64
1964  12   0.08  10.59
1965   1  -1.12  -0.45
1965   2  -1.46   9.30
1965   3  -1.14  -3.16
1965   4  -1.35  -4.74
1965   5  -1.46   0.59
1965   6  -1.71  -1.25
1965   7  -0.74  -1.82
1965   8  -1.24   1.47
1965   9  -1.59   1.15
1965  10  -1.46  -2.62
1965  11  -1.06   1.13
1965  12  -0.12  -3.55
1966   1   0.62  10.34
1966   2   2.78   5.09
1966   3   3.55   4.48
1966   4   3.61   1.59
1966   5   2.21  -4.00
1966   6   0.86   0.32
1966   7   0.51   0.65
1966   8   0.25   0.46
1966   9   0.30   0.66
1966  10   0.00   3.35
1966  11   0.13   4.22
1966  12  -0.17   1.63
1967   1   0.51   3.68
1967   2  -0.21  -10.33
1967   3  -0.19  -4.26
1967   4   0.83   5.42
1967   5   0.58  -5.77
1967   6  -0.12  -0.57
1967   7   0.17  -2.24
1967   8  -0.38   1.79
1967   9  -0.39   4.62
1967  10  -0.95   1.05
1967  11  -2.31  -4.85
1967  12  -2.76   6.73
1968   1  -1.71   3.79
1968   2  -0.01   8.33
1968   3   0.07  -1.39
1968   4  -0.45   3.68
1968   5  -0.51  -3.66
1968   6  -1.33  -0.95
1968   7  -1.47   1.06
1968   8  -1.51  -1.67
1968   9  -1.32  -0.46
1968  10  -1.02  -0.09
1968  11  -0.39  -4.63
1968  12   0.18  -0.01
1969   1   2.04  12.45
1969   2   3.77  19.59
1969   3   5.93  11.14
1969   4   4.43  -5.70
1969   5   3.95  -3.36
1969   6   2.44  -0.10
1969   7   1.95   1.84
1969   8   0.93   2.49
1969   9   0.33  -0.17
1969  10   0.30   5.52
1969  11   1.29   9.87
1969  12   2.69   5.03
1970   1   4.48  10.98
1970   2   4.67   5.51
1970   3   5.60  12.43
1970   4   4.22   4.11
1970   5   3.37   3.46
1970   6   1.93  -2.79
1970   7   0.11   1.57
1970   8  -0.17   0.51
1970   9  -0.91  -1.71
1970  10  -0.53   1.97
1970  11  -0.53   0.14
1970  12  -0.27   0.07
1971   1  -0.47   1.33
1971   2  -1.28  -1.89
1971   3  -1.95  -7.46
1971   4  -3.34  -3.81
1971   5  -4.24  -5.35
1971   6  -4.42  -4.68
1971   7  -2.52  -2.38
1971   8  -3.07  -3.71
1971   9  -2.26   3.84
1971  10  -1.05   2.70
1971  11  -0.17   4.67
1971  12  -1.24   5.71
1972   1  -2.03  -7.00
1972   2  -2.31  -6.48
1972   3  -3.14   1.96
1972   4  -2.68  -3.84
1972   5  -2.75  -5.39
1972   6  -3.55  -3.03
1972   7  -3.68  -2.41
1972   8  -3.54  -6.05
1972   9  -3.44   2.17
1972  10  -2.92   1.76
1972  11  -3.24  -4.51
1972  12  -4.95  -12.64
1973   1  -5.21  -2.84
1973   2  -4.74  -8.65
1973   3  -4.50  -1.94
1973   4  -3.74   5.92
1973   5  -3.10  -4.45
1973   6  -3.17  -4.85
1973   7  -3.04  -6.88
1973   8  -3.04  -6.96
1973   9  -3.07  -5.08
1973  10  -3.71  -6.24
1973  11  -3.43   2.47
1973  12  -2.73   3.53
1974   1  -2.99  -11.59
1974   2  -4.08  -9.11
1974   3  -5.66  -13.02
1974   4  -6.91  -10.96
1974   5  -6.63  -1.22
1974   6  -5.34  -2.93
1974   7  -4.35  -2.40
1974   8  -3.91  -3.96
1974   9  -4.32  -4.38
1974  10  -3.94  -4.97
1974  11  -4.63  -3.45
1974  12  -4.52  -2.40
1975   1  -2.56  -0.50
1975   2  -2.86  -4.85
1975   3  -3.49  -2.91
1975   4  -2.92  -3.51
1975   5  -3.97  -5.44
1975   6  -3.88  -0.95
1975   7  -2.07  -0.92
1975   8  -1.41   0.43
1975   9  -2.23  -2.56
1975  10  -2.68  -5.41
1975  11  -2.96  -1.85
1975  12  -2.23  14.94
1976   1  -1.62  -1.45
1976   2  -2.13  -9.36
1976   3  -3.28  -10.13
1976   4  -2.90   0.97
1976   5  -3.11  -5.11
1976   6  -2.02  -1.79
1976   7   0.31   3.41
1976   8   2.03   2.48
1976   9   2.03  -0.73
1976  10   1.66  -4.16
1976  11   0.19  -5.87
1976  12  -1.46  -5.67
1977   1  -1.25   1.81
1977   2  -1.15  -2.97
1977   3  -0.58  -2.86
1977   4  -0.35   1.00
1977   5  -0.08  -1.49
1977   6   0.17  -0.60
1977   7  -0.63  -2.38
1977   8  -1.70  -7.33
1977   9  -1.93  -2.52
1977  10  -1.96  -4.90
1977  11  -1.88  -0.06
1977  12  -1.39   0.16
1978   1   0.77  -3.23
1978   2   2.33  15.27
1978   3   3.24  -5.77
1978   4   3.41   2.88
1978   5   1.63  -5.59
1978   6  -0.92  -4.43
1978   7  -1.79  -3.54
1978   8  -1.03  -2.79
1978   9  -0.33  -0.14
1978  10   0.10   2.82
1978  11  -0.03  -3.33
1978  12  -1.00   0.82
1979   1   1.25  11.31
1979   2   2.51  10.59
1979   3   2.44   2.09
1979   4   2.26   7.07
1979   5   2.41   1.54
1979   6   2.10   5.45
1979   7   1.15  -1.01
1979   8  -0.20  -3.48
1979   9  -0.30  -1.19
1979  10   0.17  -3.06
1979  11   0.46  -2.00
1979  12   1.36  -2.05
1980   1   3.49  10.09
1980   2   3.72  -1.28
1980   3   3.25   2.40
1980   4   4.41   7.65
1980   5   5.46   3.92
1980   6   4.00  -4.43
1980   7   1.65  -2.45
1980   8   1.74   0.55
1980   9   0.92  -6.90
1980  10   0.18  -1.25
1980  11   0.81   1.88
1980  12   0.95  -3.93
1981   1   1.53   0.78
1981   2   2.43   2.33
1981   3   5.00  12.31
1981   4   3.87   1.80
1981   5   3.52  -1.21
1981   6   2.01   5.93
1981   7   1.00   0.53
1981   8  -0.09  -1.18
1981   9  -0.14  -0.75
1981  10  -0.91  -6.44
1981  11  -0.21   2.46
1981  12   2.04   1.01
1982   1   0.57   5.68
1982   2  -0.19  -7.17
1982   3  -0.44  -6.06
1982   4  -0.36   4.49
1982   5   1.01   1.70
1982   6   0.68   3.93
1982   7  -0.09   0.08
1982   8   0.24  -0.79
1982   9  -0.84  -4.86
1982  10  -1.35  -2.04
1982  11  -2.19  -6.06
1982  12  -3.58  -5.28
1983   1  -3.48  -3.91
1983   2  -1.17  12.57
1983   3   3.13   5.09
1983   4   3.70   5.29
1983   5   2.54  -0.65
1983   6   2.50   3.34
1983   7   1.44  -3.07
1983   8  -0.45  -6.48
1983   9  -0.94  -3.09
1983  10  -0.81  -2.44
1983  11  -0.20   8.83
1983  12  -0.09  -3.20
1984   1  -2.30  -17.69
1984   2  -3.30  -6.58
1984   3  -3.63  -4.68
1984   4  -2.93   0.48
1984   5  -2.22  -4.57
1984   6  -3.37  -5.65
1984   7  -3.60  -2.75
1984   8  -4.00  -6.46
1984   9  -3.69  -4.22
1984  10  -3.80  -5.23
1984  11  -3.87  -4.45
1984  12  -3.90  -7.06
1985   1  -3.84  -0.52
1985   2  -3.69  -6.72
1985   3  -4.75  -7.94
1985   4  -4.58  -10.35
1985   5  -5.64  -4.19
1985   6  -1.33   1.80
1985   7  -0.50  -1.91
1985   8  -0.77  -2.08
1985   9  -0.92   0.97
1985  10  -1.68  -2.00
1985  11  -0.70   4.40
1985  12  -2.35  -8.05
1986   1  -4.46  -15.75
1986   2  -4.88  -0.03
1986   3  -4.67  -16.34
1986   4  -5.38  -5.13
1986   5  -4.64  -1.16
1986   6  -4.45  -4.07
1986   7  -2.93  -2.06
1986   8  -2.57  -1.67
1986   9  -1.16   2.44
1986  10  -1.62  -3.21
1986  11  -2.54  -9.82
1986  12  -5.12  -6.68
1987   1  -2.65   8.30
1987   2  -1.70   3.49
1987   3   1.22   5.38
1987   4   1.92   3.62
1987   5   1.57   4.13
1987   6   3.48  -0.55
1987   7   1.54  -2.73
1987   8   2.17  -1.26
1987   9   1.91   1.27
1987  10   1.81  -8.10
1987  11   0.50   2.79
1987  12   2.13   1.78
1988   1  -0.67  -11.95
1988   2  -2.16  -3.30
1988   3  -0.51  -3.47
1988   4   1.01   1.87
1988   5  -0.51  -3.71
1988   6   0.38  -4.12
1988   7   0.37  -0.69
1988   8  -0.83  -0.76
1988   9  -0.81  -0.52
1988  10  -1.80  -4.57
1988  11  -1.64  -0.89
1988  12  -1.92  -2.72
1989   1  -4.07  -11.11
1989   2  -3.80  -12.93
1989   3  -5.88  -12.25
1989   4  -6.47  -13.57
1989   5  -5.00   0.84
1989   6  -0.08   3.98
1989   7   1.83  -3.46
1989   8   2.31   1.01
1989   9   0.23  -4.16
1989  10   0.24   0.77
1989  11  -0.56  -2.13
1989  12   1.42   1.60
1990   1  -0.29  -9.95
1990   2  -1.09  -1.82
1990   3  -1.44   1.12
1990   4  -0.44  -0.88
1990   5   0.93   2.95
1990   6  -0.21  -3.26
1990   7   0.92  -0.94
1990   8   2.29   0.01
1990   9   2.28   1.03
1990  10   1.57   2.26
1990  11   0.91  -1.95
1990  12  -0.30   0.00
1991   1  -1.01  -5.76
1991   2  -1.04  -6.99
1991   3  -1.90  -4.99
1991   4  -3.41  -0.20
1991   5  -3.85  -1.53
1991   6  -4.23  -3.22
1991   7  -3.35  -0.09
1991   8  -1.71   2.24
1991   9   0.69  -3.78
1991  10  -0.57   7.07
1991  11  -0.19  -3.35
1991  12  -0.95   4.65
1992   1  -0.21   4.99
1992   2   0.27  -5.81
1992   3   0.40  -3.22
1992   4   0.03   0.21
1992   5   0.85   3.27
1992   6   0.48   1.81
1992   7   0.94   2.61
1992   8   0.07  -3.29
1992   9  -0.15  -2.02
1992  10  -0.11   4.85
1992  11  -0.81  -1.87
1992  12  -1.26  -2.72
1993   1  -2.13  -5.47
1993   2  -2.24  -0.24
1993   3  -2.68  -2.54
1993   4  -2.39  -0.65
1993   5  -1.33   4.82
1993   6  -0.27  -0.22
1993   7  -2.16  -0.53
1993   8  -2.36  -4.35
1993   9  -2.35  -8.69
1993  10  -2.91  -0.82
1993  11  -5.03  -11.37
1993  12  -5.72  -9.40
1994   1  -6.13  -13.19
1994   2  -5.64  -7.08
1994   3  -5.63  -10.03
1994   4  -5.03  -2.10
1994   5  -4.71  -5.57
1994   6  -3.35  -2.62
1994   7  -2.33  -2.72
1994   8  -2.10  -5.43
1994   9  -1.42  -0.57
1994  10  -0.74   2.81
1994  11  -0.75  -1.99
1994  12  -1.23  -2.46
1995   1  -0.54  -4.55
1995   2  -0.97  -9.23
1995   3  -3.25  -1.34
1995   4  -1.55  -0.39
1995   5   0.60   1.82
1995   6   1.33   4.28
1995   7   2.45   4.84
1995   8   2.70   6.79
1995   9   2.37   4.04
1995  10   2.77   4.59
1995  11   3.89   3.00
1995  12   3.59   8.50
1996   1   5.07   2.63
1996   2   1.96  -4.39
1996   3  -0.25  -1.81
1996   4  -0.44   1.01
1996   5  -0.59  -1.20
1996   6  -1.89  -3.67
1996   7  -1.38  -3.68
1996   8  -0.80  -4.52
1996   9   0.19  -0.46
1996  10   0.82  -1.80
1996  11   1.01  -8.29
1996  12   1.74   3.02
1997   1   3.70   7.82
1997   2   2.99  -7.10
1997   3   2.64  -1.06
1997   4   2.52  10.49
1997   5   3.53   0.94
1997   6   3.72   3.10
1997   7   2.04  -1.57
1997   8   0.73  -0.74
1997   9   1.07  -0.67
1997  10   2.21   7.07
1997  11   2.18  -2.45
1997  12   1.13  -4.25
1998   1   0.88  -0.49
1998   2   3.55  14.41
1998   3   3.67   0.18
1998   4   1.89  -3.86
1998   5   2.22   3.45
1998   6   1.42  -0.83
1998   7   0.61   0.16
1998   8   1.48  -0.53
1998   9   0.93   2.46
1998  10   3.25   0.06
1998  11   3.54  -1.10
1998  12   2.76  -7.36
1999   1  -0.01  -8.55
1999   2  -1.37  -0.85
1999   3  -2.67  -2.96
1999   4  -3.56  -0.35
1999   5  -2.37   1.83
1999   6  -1.51  -2.96
1999   7  -1.71   4.60
1999   8   0.13   4.81
1999   9   1.42   2.01
1999  10   1.30  -2.82
1999  11   1.10   3.99
1999  12   2.21  -0.35
2000   1  -0.34  -2.99
2000   2  -1.55  -9.81
2000   3  -0.59   5.93
2000   4  -1.71  -4.00
2000   5  -2.32  -2.02
2000   6  -2.79  -3.22
2000   7  -1.47  -1.38
2000   8  -0.79  -2.17
2000   9  -0.47  -2.53
2000  10  -0.29  -5.80
2000  11  -0.28  -3.59
2000  12  -0.49  -5.78
2001   1  -0.31  -4.19
2001   2  -0.59   1.83
2001   3  -0.02   2.64
2001   4  -1.42  -1.86
2001   5  -2.15   1.92
2001   6  -0.58   2.90
2001   7   0.49   1.60
2001   8   0.40   5.38
2001   9   2.76   8.82
2001  10   3.13  -2.44
2001  11   4.80   7.77
2001  12   5.19  13.34
2002   1   5.85  -2.14
2002   2   4.32   1.36
2002   3   2.28  -3.49
2002   4  -2.12  -7.17
2002   5  -4.05  -4.11
2002   6  -3.71   0.29
2002   7  -2.92  -2.57
2002   8  -1.34   0.51
2002   9   0.08   5.19
2002  10   2.12   5.05
2002  11   2.27  -7.08
2002  12   0.85   2.83
2003   1   1.08  -9.80
2003   2  -1.06  -11.26
2003   3  -2.70   0.79
2003   4  -1.74  -0.57
2003   5  -1.91  -1.85
2003   6  -0.33   0.29
2003   7   0.08   2.08
2003   8   1.56   5.78
2003   9   2.82   7.58
2003  10   4.24   5.02
2003  11   2.67  -2.92
2003  12   2.41   5.93
2004   1   3.20   1.20
2004   2   3.22   2.23
2004   3   2.22  -3.92
2004   4   2.84   0.90
2004   5   0.88   0.94
2004   6   1.36   5.49
2004   7   2.00   0.61
2004   8   4.03   2.31
2004   9   3.47   3.30
2004  10   4.65   7.75
2004  11   5.52   9.87
2004  12   4.47  -2.37
2005   1   2.88   1.60
2005   2   1.57   4.33
2005   3   2.38  13.01
2005   4   4.11   5.26
2005   5   5.11   9.91
2005   6   5.95   7.45
2005   7   4.42   4.17
2005   8   3.49   4.37
2005   9   4.00   0.19
2005  10   3.56   2.20
2005  11   3.29   3.76
2005  12   4.69   5.44
2006   1   3.53  -3.85
2006   2   0.74  -3.59
2006   3  -0.79   3.71
2006   4   1.16   2.01
2006   5   0.93   1.35
2006   6   0.29   0.72
2006   7  -0.26  -1.13
2006   8   1.74   6.15
2006   9   2.80   4.91
2006  10   4.61   4.72
2006  11   5.56   2.94
2006  12   3.61  -5.34
2007   1   3.03   0.01
2007   2   3.25  -3.15
2007   3   1.90  -8.66
2007   4   0.88   3.48
2007   5  -0.47  -4.08
2007   6  -0.68   2.00
2007   7  -1.30   0.97
2007   8  -0.90   3.11
2007   9  -0.71   5.02
2007  10   1.19   3.01
2007  11   2.04   2.77
2007  12   1.23  -3.06
2008   1   0.68  -3.98
2008   2  -0.45  -3.81
2008   3  -0.73  -3.36
2008   4  -2.37   0.78
2008   5  -0.88   0.49
2008   6  -0.66   2.15
2008   7  -0.22   4.58
2008   8   0.36   4.43
2008   9   2.17   4.77
2008  10   2.71   0.10
2008  11   1.59   6.84
2008  12   1.31   1.37
2009   1  -0.07  -11.56
2009   2  -3.41  -8.15
2009   3  -4.32   0.62
2009   4  -4.10  -10.21
2009   5  -4.94  -5.84
2009   6  -3.03   0.59
2009   7   0.94   2.47
2009   8   1.09   0.17
2009   9   1.20   3.59
2009  10   3.36   8.45
2009  11   3.79  -4.14
2009  12   2.40  10.60
2010   1   3.15   7.28
2010   2   4.82  17.35
2010   3   5.75   5.38
2010   4   5.99  13.17
2010   5   6.34   0.37
2010   6   3.86  -0.16
2010   7   3.13   2.74
2010   8   3.17   8.75
2010   9   3.67  10.93
2010  10   4.64   2.16
2010  11   4.86  10.49
2010  12   6.26  13.61
2011   1   5.59  -3.03
2011   2   2.28  -6.69
2011   3   0.63  -2.86
2011   4  -0.25  -1.40
2011   5   0.78   3.74
2011   6   1.86   1.17
2011   7   0.97  -3.22
2011   8   0.48   2.94
2011   9   1.72   4.60
2011  10   2.60   1.79
2011  11   2.47  -1.56
2011  12   3.50  -3.09
2012   1   2.29  -0.11
2012   2   0.82  -7.48
2012   3  -2.48   1.25
2012   4  -1.23  -0.85
2012   5  -0.78   6.56
2012   6   0.87   4.41
2012   7   1.38   4.35
2012   8   2.66   8.22
2012   9   3.99  13.37
2012  10   5.14  14.45
2012  11   5.67   1.28
2012  12   3.84   2.98
2013   1   2.50   2.42
2013   2   1.27   3.10
2013   3   3.64  14.77
2013   4   2.22   0.91
2013   5   2.85   0.94
2013   6   0.53  -3.31
2013   7   0.43   3.10
2013   8   1.32   1.62
2013   9   2.82   5.01
2013  10   4.32  -0.45
2013  11   3.04   1.30
2013  12   2.82  -4.23
2014   1   0.48  -10.28
2014   2  -2.40  -13.81
2014   3  -4.49  -7.41
2014   4  -3.34   0.92
2014   5  -3.12  -5.29
2014   6  -3.52  -1.51
2014   7  -1.54   2.61
2014   8   0.09   1.12
2014   9   2.27   5.94
2014  10   3.72   6.79
2014  11   3.90  -6.05
2014  12   2.10   2.98
2015   1  -0.33  -10.87
2015   2  -1.40  -6.16
2015   3  -3.84  -8.73
2015   4  -4.82  -4.54
2015   5  -2.92  -0.81
2015   6  -2.69   1.28
2015   7   0.16   2.62
2015   8   3.01   5.61
2015   9   4.53   7.51
2015  10   6.06   4.38
2015  11   3.54  -5.48
2015  12   1.82  -5.16
2016   1   1.61  -0.13
2016   2   1.15  -13.08
2016   3   0.07  -0.78
2016   4  -0.53   6.18
2016   5   0.63  -1.54
2016   6   0.20   0.15
2016   7  -0.18   1.56
2016   8   0.80   2.99
2016   9   1.90   0.43
2016  10   2.25   3.71
2016  11   3.19   3.02
2016  12   2.57  -2.47
2017   1   1.51   6.40
2017   2   1.02  -4.83
2017   3  -0.77  -6.81
2017   4   0.65   9.63
2017   5   2.73   2.32
2017   6   1.64  -0.04
2017   7   2.51   1.59
2017   8   1.97   2.06
2017   9   2.72   3.13
2017  10   2.58   0.05
2017  11   3.86   2.67
2017  12   5.35  -3.53
2018   1   1.30  -10.70
2018   2  -1.05  -3.66
2018   3  -0.04   1.51
2018   4  -3.10  -7.88
2018   5  -4.69  -4.90
2018   6  -6.20   4.65
2018   7  -4.26  -0.17
2018   8  -1.06   1.48
2018   9  -0.47   4.82
2018  10   1.77   2.11
2018  11   0.25  -6.87
2018  12  -0.88  -2.50
2019   1  -0.16   2.94
2019   2   0.49  -4.37
2019   3  -2.21  -9.80
2019   4  -2.82  -3.03
2019   5  -1.33   4.00
2019   6  -0.63   4.28
2019   7   0.31   2.91
2019   8   0.59   6.41
2019   9   2.34   5.97
2019  10   2.58   5.32
2019  11   0.53  -8.45
2019  12  -0.73  -3.75
2020   1  -1.47   0.37
2020   2  -1.26  -4.64
2020   3  -0.20  -2.22
2020   4   0.63   4.25
2020   5  -1.02   2.71
2020   6   0.26   5.62
2020   7  -0.73   5.15
2020   8  -0.10   8.04
2020   9   1.10   9.36
2020  10   2.79  -2.55
2020  11   1.92  -3.27
2020  12   2.68   0.60
2021   1   2.63   6.06
2021   2   1.36  -4.88
2021   3  -0.16  -5.53
2021   4  -1.27   6.83
2021   5  -2.38  -1.58
2021   6  -4.01  -0.86
2021   7  -4.03   1.96
2021   8  -2.45   4.29
2021   9   0.93   1.46
2021  10   1.19  -0.74
2021  11   2.52   2.57
2021  12   1.75  -2.55
2022   1   2.00   1.51
2022   2   1.27  -6.67
2022   3  -1.95  -11.27
2022   4  -3.10   3.45
2022   5  -1.01   3.83
2022   6  -1.08  -3.75
2022   7  -1.89   0.04
2022   8  -0.76   3.95
2022   9   1.39   2.74
2022  10   1.89  -0.37
2022  11   1.26  -6.30
2022  12   0.66   5.54
2023   1   0.43  -3.44
2023   2  -0.47  -1.06
2023   3   0.93   8.08
2023   4   1.31   4.31
2023   5   2.84   0.85
2023   6   4.59  14.12
2023   7   4.27   4.31
2023   8   4.25   6.97
2023   9   7.03   8.98
2023  10   6.83   7.35
2023  11   5.49  -1.13
2023  12   4.00   2.15
2024   1   5.25   2.83
2024   2   5.02   0.05
2024   3   3.85  -6.69
2024   4   2.12   1.09
2024   5   3.31   6.21
2024   6   3.17   2.68
2024   7   0.80   6.70
2024   8   2.45   3.85
2024   9   3.89   8.86
2024  10   3.84   3.46
2024  11   4.48   4.30
2024  12   4.14  -0.52
2025   1   4.35  -0.23
2025   2   1.29  -10.20
